-3.271418571472167969e+00
-4.005824089050292969e+00
-3.848456621170043945e+00
-3.830769062042236328e+00
-4.005906581878662109e+00
-3.868997812271118164e+00
-4.005273818969726562e+00
-4.102531909942626953e+00
-4.092381477355957031e+00
-3.630593776702880859e+00
-4.049141407012939453e+00
-3.937318801879882812e+00
-3.982891798019409180e+00
-3.929398536682128906e+00
-4.064438343048095703e+00
-3.900760412216186523e+00
-4.096270561218261719e+00
-4.026881217956542969e+00
-4.112084388732910156e+00
-3.959903240203857422e+00
-3.906494140625000000e+00
-4.219855785369873047e+00
-4.173205375671386719e+00
-3.976236581802368164e+00
-3.981660127639770508e+00
-3.774827957153320312e+00
-3.441908836364746094e+00
-3.979058265686035156e+00
-4.077295303344726562e+00
-3.927684068679809570e+00
-4.032609462738037109e+00
-4.082598209381103516e+00
-4.181926250457763672e+00
-4.114971160888671875e+00
-3.686040878295898438e+00
-4.040474414825439453e+00
-4.147863864898681641e+00
-4.094917297363281250e+00
-4.110818862915039062e+00
-4.150835514068603516e+00
-4.070676803588867188e+00
-3.903392314910888672e+00
-3.923926591873168945e+00
-3.834300756454467773e+00
-4.177337646484375000e+00
-4.138121604919433594e+00
-3.930803298950195312e+00
-3.734589815139770508e+00
-4.039597034454345703e+00
-4.156914234161376953e+00
-4.084875106811523438e+00
-4.030717372894287109e+00
-3.823829412460327148e+00
-4.076205253601074219e+00
-4.056972503662109375e+00
-3.970713615417480469e+00
-4.160314083099365234e+00
-4.121975421905517578e+00
-4.135191917419433594e+00
-3.524285793304443359e+00
-3.778166532516479492e+00
-3.477893114089965820e+00
-3.536090135574340820e+00
-4.177213668823242188e+00
-3.997264385223388672e+00
-4.145686626434326172e+00
-3.664909601211547852e+00
-3.815162420272827148e+00
-4.258862972259521484e+00
-4.125689506530761719e+00
-4.086877346038818359e+00
-4.118874073028564453e+00
-4.053697109222412109e+00
-4.232498168945312500e+00
-4.016399383544921875e+00
-4.047038078308105469e+00
-3.992821931838989258e+00
-4.149669647216796875e+00
-3.957369804382324219e+00
-3.732983589172363281e+00
-4.169519424438476562e+00
-4.194627285003662109e+00
-4.104960441589355469e+00
-4.124296188354492188e+00
-3.634841203689575195e+00
-3.948491096496582031e+00
-4.020554065704345703e+00
-4.142013072967529297e+00
-4.202869415283203125e+00
-4.128777980804443359e+00
-4.174702644348144531e+00
-3.896050930023193359e+00
-4.126044273376464844e+00
-4.218983650207519531e+00
-4.142661571502685547e+00
-4.239431381225585938e+00
-3.632235527038574219e+00
-3.959164619445800781e+00
-4.067572116851806641e+00
-4.113497734069824219e+00
-4.123350620269775391e+00
-4.180753707885742188e+00
-4.052470684051513672e+00
-4.078941822052001953e+00
-4.274795055389404297e+00
-4.061141014099121094e+00
-3.334785699844360352e+00
-3.929445743560791016e+00
-4.222374439239501953e+00
-4.016275405883789062e+00
-3.905030488967895508e+00
-4.018722057342529297e+00
-4.058041095733642578e+00
-4.190790176391601562e+00
-4.046447277069091797e+00
-4.076231479644775391e+00
-4.226993560791015625e+00
-4.220120429992675781e+00
-4.063877582550048828e+00
-4.112478256225585938e+00
-4.191750049591064453e+00
-4.201169967651367188e+00
-4.103907585144042969e+00
-4.247114181518554688e+00
-4.220718383789062500e+00
-4.207834720611572266e+00
-3.900839805603027344e+00
-4.283149242401123047e+00
