-3.375679969787597656e+00
-3.507870674133300781e+00
-3.826868534088134766e+00
-3.863849878311157227e+00
-4.055423736572265625e+00
-3.914443016052246094e+00
-3.527156352996826172e+00
-3.561798095703125000e+00
-3.902105331420898438e+00
-3.692855834960937500e+00
-3.906980514526367188e+00
-3.818463325500488281e+00
-3.913295507431030273e+00
-4.141005992889404297e+00
-3.932564496994018555e+00
-3.800497055053710938e+00
-3.631835222244262695e+00
-3.780718803405761719e+00
-3.920803308486938477e+00
-3.589718103408813477e+00
-3.904348134994506836e+00
-3.598246812820434570e+00
-4.097161769866943359e+00
-3.576981544494628906e+00
-3.611217260360717773e+00
-3.974179744720458984e+00
-3.811187505722045898e+00
-4.106734752655029297e+00
-3.649600505828857422e+00
-3.598032236099243164e+00
-3.565811157226562500e+00
-4.068341732025146484e+00
-3.629928350448608398e+00
-3.659111261367797852e+00
-4.003344535827636719e+00
-3.674596786499023438e+00
-4.122449874877929688e+00
-3.979031324386596680e+00
-3.914546251296997070e+00
-3.720059156417846680e+00
-3.954862356185913086e+00
-3.709525823593139648e+00
-3.671854972839355469e+00
-4.029023170471191406e+00
-4.047788619995117188e+00
-4.075605392456054688e+00
-3.977843046188354492e+00
-3.601932287216186523e+00
-3.779484272003173828e+00
-3.860624313354492188e+00
-3.925447463989257812e+00
-3.698668003082275391e+00
-4.091871261596679688e+00
-3.947115898132324219e+00
-4.067268371582031250e+00
-3.647396564483642578e+00
-3.600465774536132812e+00
-4.069895744323730469e+00
-3.895180940628051758e+00
-4.116157054901123047e+00
-4.017703056335449219e+00
-3.742703199386596680e+00
-3.636092901229858398e+00
-4.205625057220458984e+00
-3.981707811355590820e+00
-3.623113393783569336e+00
-4.066008090972900391e+00
-3.779989004135131836e+00
-4.221552848815917969e+00
-3.671860933303833008e+00
-3.616991043090820312e+00
-3.852689266204833984e+00
-3.998554706573486328e+00
-4.005143165588378906e+00
-3.490340948104858398e+00
-3.575405359268188477e+00
-4.015981197357177734e+00
-4.119004726409912109e+00
-3.734861850738525391e+00
-3.727375745773315430e+00
-3.749451875686645508e+00
-4.112549781799316406e+00
-4.152678966522216797e+00
-3.651646137237548828e+00
-4.016982555389404297e+00
-3.711718797683715820e+00
-4.201501846313476562e+00
-3.824183940887451172e+00
-3.628926753997802734e+00
-4.101652622222900391e+00
-3.909019708633422852e+00
-4.153779029846191406e+00
-3.695531606674194336e+00
-4.123818874359130859e+00
-4.019569873809814453e+00
-4.259191989898681641e+00
-3.790551185607910156e+00
-4.070751190185546875e+00
-4.048818588256835938e+00
-4.091764450073242188e+00
-4.143525600433349609e+00
-3.996249675750732422e+00
-3.910256862640380859e+00
-3.691851139068603516e+00
-4.062225818634033203e+00
-4.010821342468261719e+00
-3.680113554000854492e+00
-4.143535137176513672e+00
-4.094673633575439453e+00
-4.099920749664306641e+00
-4.114778518676757812e+00
-3.928132534027099609e+00
-3.731746196746826172e+00
-4.034959793090820312e+00
-4.168254375457763672e+00
-4.126395702362060547e+00
-3.996988534927368164e+00
-3.740200281143188477e+00
-4.196225166320800781e+00
-3.753475904464721680e+00
-3.818110466003417969e+00
-4.120066642761230469e+00
-4.125677585601806641e+00
-4.162642955780029297e+00
-4.081047534942626953e+00
-3.592004060745239258e+00
-3.609109163284301758e+00
-4.246954917907714844e+00
