-2.541779756546020508e+00
-3.892253398895263672e+00
-3.074559211730957031e+00
-3.092657089233398438e+00
-1.329720020294189453e+00
1.781071722507476807e-01
-3.942024469375610352e+00
-3.079595565795898438e+00
-3.946958303451538086e+00
-5.888239145278930664e-01
-3.122733116149902344e+00
-1.344126105308532715e+00
-1.165731191635131836e+00
-9.331066012382507324e-01
-1.633467078208923340e+00
-3.999706983566284180e+00
-2.224382877349853516e+00
-2.218818187713623047e+00
-3.391286373138427734e+00
4.990570843219757080e-01
-1.212423682212829590e+00
-2.788007497787475586e+00
-7.193655371665954590e-01
7.015591263771057129e-01
-3.177659511566162109e+00
-3.277258872985839844e+00
-3.543158054351806641e+00
1.744047045707702637e+00
-1.800082564353942871e+00
-3.188828229904174805e+00
-2.584592580795288086e+00
-8.211868405342102051e-01
-3.146214485168457031e+00
-3.545114040374755859e+00
-1.724944353103637695e+00
7.826120853424072266e-01
-4.741170108318328857e-01
-2.541048765182495117e+00
-3.084011793136596680e+00
-2.397733688354492188e+00
-2.138753890991210938e+00
-3.705515146255493164e+00
-3.347180128097534180e+00
-1.945737957954406738e+00
-3.114403724670410156e+00
-2.728582859039306641e+00
-1.562626063823699951e-01
-3.374540090560913086e+00
-2.270008325576782227e+00
-2.253537178039550781e+00
-3.558867454528808594e+00
-7.029631733894348145e-01
-1.260271668434143066e+00
-1.444569706916809082e+00
-4.068355560302734375e+00
1.130396485328674316e+00
8.734171390533447266e-01
-1.373824596405029297e+00
-2.396849632263183594e+00
-3.645546674728393555e+00
-6.982820630073547363e-01
-3.347867488861083984e+00
-2.879189729690551758e+00
-3.476117610931396484e+00
-1.356259465217590332e+00
-1.933474540710449219e+00
-3.195487260818481445e+00
-3.397844552993774414e+00
-2.041965007781982422e+00
-1.846231579780578613e+00
-4.173260688781738281e+00
-3.203993797302246094e+00
-3.987330913543701172e+00
-3.345101594924926758e+00
-2.014021873474121094e+00
-4.089083194732666016e+00
-3.131491422653198242e+00
1.494602084159851074e+00
-3.616726636886596680e+00
-3.968011140823364258e+00
-4.191275596618652344e+00
-4.029008388519287109e+00
-2.348017930984497070e+00
-1.486940860748291016e+00
-2.675183057785034180e+00
-3.229995489120483398e+00
-3.708643198013305664e+00
-2.020884513854980469e+00
-1.605777382850646973e+00
-2.957111597061157227e+00
-3.636761665344238281e+00
-4.072407722473144531e+00
4.616305530071258545e-01
8.424788117408752441e-01
2.846605181694030762e-01
-4.195282459259033203e+00
-1.368551731109619141e+00
-2.009313106536865234e+00
-2.308694362640380859e+00
-3.329937696456909180e+00
-2.173955678939819336e+00
2.061813920736312866e-01
-3.826561212539672852e+00
-2.525200605392456055e+00
-2.365482807159423828e+00
-2.883297681808471680e+00
-2.422894954681396484e+00
-4.122108936309814453e+00
-3.157788276672363281e+00
-1.835148215293884277e+00
-3.263951063156127930e+00
-2.926614761352539062e+00
-2.457017898559570312e+00
-2.944121122360229492e+00
-3.933371782302856445e+00
-1.914123177528381348e+00
-1.341779351234436035e+00
-3.106389760971069336e+00
-4.220181465148925781e+00
-3.658231496810913086e+00
-7.956207990646362305e-01
-3.395527601242065430e+00
-3.702641010284423828e+00
1.395974278450012207e+00
-3.488407373428344727e+00
-1.145848870277404785e+00
-2.372287273406982422e+00
-4.274469375610351562e+00
