-3.626168727874755859e+00
-2.870352506637573242e+00
-3.343331575393676758e+00
-3.082184791564941406e+00
-3.727215051651000977e+00
-2.867040634155273438e+00
-3.349839448928833008e+00
-2.829005241394042969e+00
-3.913426876068115234e+00
-3.077067613601684570e+00
-3.390237808227539062e+00
-3.414542913436889648e+00
-2.880431413650512695e+00
-4.120076656341552734e+00
-3.493945837020874023e+00
-3.392318010330200195e+00
-2.963127374649047852e+00
-3.530912399291992188e+00
-4.065159320831298828e+00
-2.972924232482910156e+00
-3.781852483749389648e+00
-2.966940402984619141e+00
-4.099733829498291016e+00
-3.284343957901000977e+00
-2.979411363601684570e+00
-3.022409915924072266e+00
-3.797418594360351562e+00
-4.235098361968994141e+00
-2.986682415008544922e+00
-3.255020141601562500e+00
-3.374188423156738281e+00
-4.180347442626953125e+00
-2.947933435440063477e+00
-3.863729000091552734e+00
-3.757388353347778320e+00
-3.800659894943237305e+00
-4.086428642272949219e+00
-3.327339410781860352e+00
-3.493229866027832031e+00
-3.311492681503295898e+00
-3.997595787048339844e+00
-4.016092300415039062e+00
-3.295480251312255859e+00
-3.070642948150634766e+00
-3.355252265930175781e+00
-4.106238842010498047e+00
-3.468952894210815430e+00
-2.926634550094604492e+00
-3.569195032119750977e+00
-3.509385347366333008e+00
-4.182272911071777344e+00
-3.501799106597900391e+00
-2.904679059982299805e+00
-3.033401727676391602e+00
-4.141824722290039062e+00
-3.089690923690795898e+00
-3.737248182296752930e+00
-3.095700025558471680e+00
-3.660465002059936523e+00
-4.238573074340820312e+00
-3.408590078353881836e+00
-3.872620582580566406e+00
-3.522943735122680664e+00
-4.198980331420898438e+00
-3.830930233001708984e+00
-3.511148452758789062e+00
-3.492115974426269531e+00
-3.573691606521606445e+00
-4.193512439727783203e+00
-3.513852834701538086e+00
-3.530093908309936523e+00
-3.078900098800659180e+00
-3.641532182693481445e+00
-4.067909717559814453e+00
-3.505014419555664062e+00
-3.342107534408569336e+00
-3.101364135742187500e+00
-4.165938854217529297e+00
-3.673356056213378906e+00
-3.393913269042968750e+00
-3.547790527343750000e+00
-3.920487403869628906e+00
-3.303199529647827148e+00
-3.860556364059448242e+00
-3.795482873916625977e+00
-3.624201297760009766e+00
-4.180461883544921875e+00
-2.948271274566650391e+00
-3.470665693283081055e+00
-3.642734766006469727e+00
-3.908611774444580078e+00
-3.497451543807983398e+00
-3.496050119400024414e+00
-3.063290596008300781e+00
-3.951439857482910156e+00
-4.192257881164550781e+00
-3.453944921493530273e+00
-3.047909498214721680e+00
-3.354510545730590820e+00
-3.359970808029174805e+00
-3.936465740203857422e+00
-3.045767545700073242e+00
-3.131574153900146484e+00
-3.902775287628173828e+00
-4.178198814392089844e+00
-3.664384126663208008e+00
-3.412221670150756836e+00
-3.100233793258666992e+00
-3.513497591018676758e+00
-4.125246047973632812e+00
-3.946129560470581055e+00
-3.531181097030639648e+00
-3.494803667068481445e+00
-3.936794996261596680e+00
-4.192002296447753906e+00
-3.891796827316284180e+00
-3.518272161483764648e+00
-3.541348457336425781e+00
-4.155682563781738281e+00
-3.129641056060791016e+00
-3.713561773300170898e+00
-3.743219375610351562e+00
-3.696274042129516602e+00
-3.569461107254028320e+00
-3.108057975769042969e+00
-3.877588510513305664e+00
-3.128994941711425781e+00
-4.261531829833984375e+00
