-3.254483938217163086e+00
-2.925873517990112305e+00
-3.255858421325683594e+00
-3.180092811584472656e+00
-3.721470355987548828e+00
-3.323261022567749023e+00
-2.883636474609375000e+00
-3.575431823730468750e+00
-4.023803234100341797e+00
-3.898244619369506836e+00
-3.728282213211059570e+00
-2.985455036163330078e+00
-3.736332893371582031e+00
-4.149329185485839844e+00
-3.711973667144775391e+00
-3.810735464096069336e+00
-2.925496578216552734e+00
-3.893546104431152344e+00
-3.214006662368774414e+00
-3.006583452224731445e+00
-3.690269231796264648e+00
-3.450466871261596680e+00
-4.127824783325195312e+00
-3.808583974838256836e+00
-3.856683969497680664e+00
-2.981076717376708984e+00
-3.683271408081054688e+00
-3.434407234191894531e+00
-3.110663652420043945e+00
-3.519139766693115234e+00
-3.597133398056030273e+00
-4.037111759185791016e+00
-3.809368371963500977e+00
-3.059119224548339844e+00
-3.367514371871948242e+00
-3.464145183563232422e+00
-4.136011123657226562e+00
-3.791692495346069336e+00
-3.530358076095581055e+00
-2.973003625869750977e+00
-3.916369915008544922e+00
-3.472343444824218750e+00
-3.777573585510253906e+00
-3.704136610031127930e+00
-3.411144733428955078e+00
-4.194773197174072266e+00
-3.348240375518798828e+00
-3.052183151245117188e+00
-3.081332445144653320e+00
-3.573162794113159180e+00
-4.080669879913330078e+00
-3.489749670028686523e+00
-3.307121515274047852e+00
-3.377833843231201172e+00
-4.082410812377929688e+00
-3.557592391967773438e+00
-3.042685508728027344e+00
-3.513250827789306641e+00
-3.567546606063842773e+00
-4.196125030517578125e+00
-3.621602058410644531e+00
-3.808381319046020508e+00
-3.674509525299072266e+00
-4.138226032257080078e+00
-3.346002817153930664e+00
-3.836656808853149414e+00
-3.079100131988525391e+00
-3.512111425399780273e+00
-4.257731914520263672e+00
-2.930310726165771484e+00
-3.308318138122558594e+00
-3.438480138778686523e+00
-3.949535846710205078e+00
-3.605745315551757812e+00
-3.685941696166992188e+00
-3.873543739318847656e+00
-3.480263948440551758e+00
-4.255705356597900391e+00
-3.541191339492797852e+00
-3.593621015548706055e+00
-3.158828496932983398e+00
-3.968345403671264648e+00
-3.634027719497680664e+00
-3.722500801086425781e+00
-3.829265117645263672e+00
-2.993553400039672852e+00
-4.256341457366943359e+00
-3.751496791839599609e+00
-3.849410772323608398e+00
-3.349317550659179688e+00
-3.867584943771362305e+00
-3.570884466171264648e+00
-3.555480241775512695e+00
-3.553269863128662109e+00
-3.457965135574340820e+00
-4.209673404693603516e+00
-2.997531175613403320e+00
-3.574671983718872070e+00
-3.393336534500122070e+00
-3.447498798370361328e+00
-3.972729682922363281e+00
-3.889146804809570312e+00
-3.765601158142089844e+00
-3.928121089935302734e+00
-4.080291748046875000e+00
-4.107965469360351562e+00
-3.386521100997924805e+00
-3.136179208755493164e+00
-3.909757137298583984e+00
-4.176467418670654297e+00
-3.537576198577880859e+00
-3.070082426071166992e+00
-3.635416984558105469e+00
-3.947550296783447266e+00
-4.082431793212890625e+00
-3.960911750793457031e+00
-3.928514003753662109e+00
-3.513967037200927734e+00
-4.202640533447265625e+00
-3.800301551818847656e+00
-3.075305461883544922e+00
-3.199130773544311523e+00
-3.787539720535278320e+00
-4.217628479003906250e+00
-3.617556571960449219e+00
-3.128726005554199219e+00
-3.364862918853759766e+00
-4.238857269287109375e+00
