-3.859957933425903320e+00
-3.875902652740478516e+00
-3.988708257675170898e+00
-4.058484077453613281e+00
-3.946694850921630859e+00
-4.051830291748046875e+00
-4.034450054168701172e+00
-4.022442340850830078e+00
-3.797859907150268555e+00
-3.974030494689941406e+00
-4.031141757965087891e+00
-3.976007699966430664e+00
-3.865289688110351562e+00
-3.925162553787231445e+00
-3.895514011383056641e+00
-3.926977157592773438e+00
-3.972694158554077148e+00
-3.662716150283813477e+00
-4.031803607940673828e+00
-4.002064228057861328e+00
-4.046754360198974609e+00
-3.929072618484497070e+00
-4.144134998321533203e+00
-4.021094799041748047e+00
-3.989396333694458008e+00
-3.884934425354003906e+00
-4.007483959197998047e+00
-4.135101795196533203e+00
-4.004776954650878906e+00
-4.011599063873291016e+00
-4.085630893707275391e+00
-4.023866653442382812e+00
-4.000593662261962891e+00
-4.148550510406494141e+00
-3.962297916412353516e+00
-3.867131710052490234e+00
-4.040904521942138672e+00
-4.130081653594970703e+00
-4.131844997406005859e+00
-4.047863960266113281e+00
-4.079512119293212891e+00
-4.087443351745605469e+00
-4.062555313110351562e+00
-4.062800407409667969e+00
-4.077780246734619141e+00
-3.947579622268676758e+00
-3.855996608734130859e+00
-3.942897081375122070e+00
-3.980529546737670898e+00
-3.709385871887207031e+00
-4.172092437744140625e+00
-4.192218780517578125e+00
-4.167695999145507812e+00
-4.119492053985595703e+00
-3.734806299209594727e+00
-4.095724582672119141e+00
-4.045590877532958984e+00
-3.851802110671997070e+00
-4.145115375518798828e+00
-4.164773464202880859e+00
-4.248491764068603516e+00
-4.111184120178222656e+00
-3.823015213012695312e+00
-4.014740943908691406e+00
-4.094405651092529297e+00
-3.868727922439575195e+00
-4.104577064514160156e+00
-4.107594490051269531e+00
-4.154280662536621094e+00
-3.988696813583374023e+00
-4.062539100646972656e+00
-4.113101959228515625e+00
-3.898013591766357422e+00
-4.260188102722167969e+00
-4.176507472991943359e+00
-4.040742874145507812e+00
-4.112525463104248047e+00
-3.895394802093505859e+00
-4.064551830291748047e+00
-3.849355220794677734e+00
-3.904956579208374023e+00
-3.876048564910888672e+00
-4.153747081756591797e+00
-4.201249599456787109e+00
-3.890629291534423828e+00
-4.223646640777587891e+00
-4.091625690460205078e+00
-3.908651351928710938e+00
-4.034315586090087891e+00
-4.110036849975585938e+00
-4.003931999206542969e+00
-4.062842845916748047e+00
-3.908062458038330078e+00
-4.262922286987304688e+00
-4.133316993713378906e+00
-4.052642345428466797e+00
-4.106789112091064453e+00
-4.283254623413085938e+00
-4.278925895690917969e+00
-4.108624458312988281e+00
-3.796238899230957031e+00
-4.153841018676757812e+00
-4.062483310699462891e+00
-3.964130878448486328e+00
-4.103568553924560547e+00
-4.105836868286132812e+00
-4.052311420440673828e+00
-4.182860851287841797e+00
-3.829260587692260742e+00
-4.219625949859619141e+00
-4.162327289581298828e+00
-4.000289440155029297e+00
-4.194642543792724609e+00
-4.026245594024658203e+00
-3.750439405441284180e+00
-3.985756874084472656e+00
-4.224547863006591797e+00
-4.121810436248779297e+00
-4.064634323120117188e+00
-4.095439910888671875e+00
-4.157339096069335938e+00
-4.308173656463623047e+00
-4.022061347961425781e+00
-4.192358970642089844e+00
-4.048156261444091797e+00
-3.950469255447387695e+00
-4.170582771301269531e+00
-4.186487197875976562e+00
