-3.523787260055541992e+00
-3.145488977432250977e+00
-3.669579982757568359e+00
-3.481551885604858398e+00
-3.695223808288574219e+00
-3.698224544525146484e+00
-3.174309968948364258e+00
-3.460524082183837891e+00
-3.931217432022094727e+00
-3.466054677963256836e+00
-3.249232769012451172e+00
-3.482047796249389648e+00
-3.414996147155761719e+00
-4.069130897521972656e+00
-3.259802341461181641e+00
-3.823704004287719727e+00
-3.683851003646850586e+00
-3.791474580764770508e+00
-4.042551040649414062e+00
-3.680001020431518555e+00
-2.418233394622802734e+00
-2.842158555984497070e+00
-4.109317779541015625e+00
-3.170567989349365234e+00
-3.140955209732055664e+00
-3.489516019821166992e+00
-3.622176408767700195e+00
-4.038493156433105469e+00
-3.329669237136840820e+00
-2.339235544204711914e+00
-3.085347890853881836e+00
-4.092298507690429688e+00
-2.775956153869628906e+00
-1.948713421821594238e+00
-3.824997901916503906e+00
-3.754954338073730469e+00
-4.093345165252685547e+00
-2.767744064331054688e+00
-3.372158765792846680e+00
-3.349283218383789062e+00
-3.978140354156494141e+00
-2.883631706237792969e+00
-3.279078483581542969e+00
-3.244132757186889648e+00
-3.569984197616577148e+00
-4.149044990539550781e+00
-3.418523788452148438e+00
-2.725077629089355469e+00
-3.446715116500854492e+00
-3.912913322448730469e+00
-3.623972177505493164e+00
-2.830663442611694336e+00
-3.934851646423339844e+00
-3.741251945495605469e+00
-4.174593925476074219e+00
-3.516044378280639648e+00
-2.157015323638916016e+00
-2.780829429626464844e+00
-3.779157161712646484e+00
-3.828815221786499023e+00
-2.890456438064575195e+00
-3.227828979492187500e+00
-3.876117467880249023e+00
-4.211158752441406250e+00
-2.706795692443847656e+00
-3.563947677612304688e+00
-3.226581811904907227e+00
-3.639748573303222656e+00
-3.939729690551757812e+00
-3.532572031021118164e+00
-3.170281171798706055e+00
-3.059334039688110352e+00
-2.912218093872070312e+00
-3.823315620422363281e+00
-3.300402164459228516e+00
-3.958765268325805664e+00
-3.548235416412353516e+00
-4.110263824462890625e+00
-3.983117103576660156e+00
-3.939389228820800781e+00
-3.766628026962280273e+00
-3.963326692581176758e+00
-4.103088378906250000e+00
-3.179781913757324219e+00
-2.848186969757080078e+00
-3.397202253341674805e+00
-3.756478548049926758e+00
-3.392521619796752930e+00
-2.816553115844726562e+00
-3.834065198898315430e+00
-3.902607917785644531e+00
-3.688376665115356445e+00
-2.797948837280273438e+00
-3.900077819824218750e+00
-3.868784189224243164e+00
-4.197955131530761719e+00
-3.503538846969604492e+00
-3.424767255783081055e+00
-3.386722326278686523e+00
-3.924186468124389648e+00
-4.125687122344970703e+00
-3.558775663375854492e+00
-2.959399461746215820e+00
-3.163352251052856445e+00
-3.948032617568969727e+00
-3.573103427886962891e+00
-3.333461999893188477e+00
-3.586106538772583008e+00
-3.487845182418823242e+00
-3.392848014831542969e+00
-2.066099405288696289e+00
-2.745850324630737305e+00
-3.407460927963256836e+00
-4.044249534606933594e+00
-4.166510581970214844e+00
-3.385670423507690430e+00
-3.206762790679931641e+00
-3.516386508941650391e+00
-4.111930370330810547e+00
-3.581525325775146484e+00
-3.679115056991577148e+00
-3.997438669204711914e+00
-3.789472579956054688e+00
-4.094523429870605469e+00
-3.813705205917358398e+00
-3.546346664428710938e+00
-3.257944107055664062e+00
-4.125816822052001953e+00
