-2.894010066986083984e+00
-2.904080390930175781e+00
-3.672026395797729492e+00
-3.012809038162231445e+00
-3.989084482192993164e+00
-3.841084480285644531e+00
-3.072877407073974609e+00
-3.435335159301757812e+00
-3.921986579895019531e+00
-3.270645141601562500e+00
-3.690537691116333008e+00
-3.094505310058593750e+00
-3.024669170379638672e+00
-4.132777214050292969e+00
-3.030465364456176758e+00
-3.426036357879638672e+00
-3.821588754653930664e+00
-3.807196617126464844e+00
-4.118336677551269531e+00
-3.706132888793945312e+00
-3.413884162902832031e+00
-3.887472152709960938e+00
-4.055073738098144531e+00
-3.502396821975708008e+00
-3.745029926300048828e+00
-3.494505643844604492e+00
-3.763440608978271484e+00
-4.123080253601074219e+00
-3.416331291198730469e+00
-3.397561073303222656e+00
-3.804824113845825195e+00
-4.218782424926757812e+00
-3.781212568283081055e+00
-3.828756093978881836e+00
-3.172671556472778320e+00
-3.074418544769287109e+00
-4.139278411865234375e+00
-3.475759267807006836e+00
-3.855916738510131836e+00
-3.552277803421020508e+00
-3.963231086730957031e+00
-3.368751764297485352e+00
-3.068170070648193359e+00
-3.588372230529785156e+00
-3.916206359863281250e+00
-4.188772678375244141e+00
-3.155590295791625977e+00
-3.197022199630737305e+00
-3.768025398254394531e+00
-3.863237857818603516e+00
-3.563779354095458984e+00
-3.596676826477050781e+00
-3.132528781890869141e+00
-3.744135856628417969e+00
-4.098082542419433594e+00
-3.617433786392211914e+00
-3.824464797973632812e+00
-3.172412157058715820e+00
-3.854143619537353516e+00
-4.189383506774902344e+00
-3.517700433731079102e+00
-3.395039319992065430e+00
-3.803862810134887695e+00
-4.168973922729492188e+00
-3.386759042739868164e+00
-3.857773542404174805e+00
-3.772481918334960938e+00
-3.811655282974243164e+00
-4.196676731109619141e+00
-3.842120885848999023e+00
-3.200035810470581055e+00
-3.541966438293457031e+00
-3.977621078491210938e+00
-3.382635116577148438e+00
-3.588864803314208984e+00
-3.856581449508666992e+00
-3.514197111129760742e+00
-4.195570945739746094e+00
-3.333318233489990234e+00
-3.887275695800781250e+00
-3.467238187789916992e+00
-3.999638557434082031e+00
-4.091494560241699219e+00
-3.822261333465576172e+00
-3.897024154663085938e+00
-3.095433235168457031e+00
-4.197971343994140625e+00
-3.181315660476684570e+00
-3.242392063140869141e+00
-3.897757053375244141e+00
-3.697113752365112305e+00
-4.258258819580078125e+00
-3.872838735580444336e+00
-3.568410396575927734e+00
-3.854190587997436523e+00
-4.136646747589111328e+00
-3.429978370666503906e+00
-3.821544885635375977e+00
-3.520717144012451172e+00
-3.531446218490600586e+00
-4.200543880462646484e+00
-3.182679653167724609e+00
-3.565057754516601562e+00
-3.258694171905517578e+00
-3.739259004592895508e+00
-4.050363063812255859e+00
-3.943349599838256836e+00
-3.913843154907226562e+00
-3.533826589584350586e+00
-4.176965236663818359e+00
-3.944683313369750977e+00
-3.121701955795288086e+00
-3.256914615631103516e+00
-3.642963886260986328e+00
-4.228759765625000000e+00
-3.258547782897949219e+00
-3.888151645660400391e+00
-3.186103582382202148e+00
-4.226244926452636719e+00
-3.940702915191650391e+00
-3.966284751892089844e+00
-4.004695892333984375e+00
-3.675127029418945312e+00
-3.766449928283691406e+00
-3.311878442764282227e+00
-3.947135210037231445e+00
-3.785764217376708984e+00
-4.255648136138916016e+00
