-3.625968933105468750e+00
-3.752694606781005859e+00
-3.951316595077514648e+00
-3.678037643432617188e+00
-3.907485723495483398e+00
-3.884754896163940430e+00
-3.743952035903930664e+00
-3.731907367706298828e+00
-4.030789852142333984e+00
-4.040785312652587891e+00
-3.872265577316284180e+00
-3.908906936645507812e+00
-3.930520534515380859e+00
-3.683837652206420898e+00
-4.047067642211914062e+00
-3.955822944641113281e+00
-3.716763973236083984e+00
-4.113029479980468750e+00
-4.139595508575439453e+00
-4.049464702606201172e+00
-3.947510719299316406e+00
-4.068927764892578125e+00
-3.791299104690551758e+00
-3.842155694961547852e+00
-3.822868347167968750e+00
-3.882567167282104492e+00
-3.951008796691894531e+00
-3.785280704498291016e+00
-4.096895694732666016e+00
-4.022411346435546875e+00
-3.806540489196777344e+00
-3.712726116180419922e+00
-3.720426082611083984e+00
-3.962332248687744141e+00
-4.151053428649902344e+00
-3.930368900299072266e+00
-3.893875837326049805e+00
-3.802994728088378906e+00
-3.894059658050537109e+00
-3.939639806747436523e+00
-3.732113838195800781e+00
-3.939560651779174805e+00
-4.157259941101074219e+00
-4.100027084350585938e+00
-3.806605339050292969e+00
-4.017858505249023438e+00
-3.839637994766235352e+00
-3.927652835845947266e+00
-4.220374584197998047e+00
-4.096307277679443359e+00
-3.893383264541625977e+00
-4.099901199340820312e+00
-4.115319728851318359e+00
-4.073755264282226562e+00
-4.074482917785644531e+00
-4.060788631439208984e+00
-4.022981643676757812e+00
-3.991515398025512695e+00
-3.855573177337646484e+00
-4.115152359008789062e+00
-3.988361597061157227e+00
-4.051083087921142578e+00
-3.840834140777587891e+00
-4.010673999786376953e+00
-4.237825870513916016e+00
-4.112646102905273438e+00
-4.073478221893310547e+00
-3.888608455657958984e+00
-4.119068145751953125e+00
-4.073280811309814453e+00
-3.995419025421142578e+00
-3.986275434494018555e+00
-3.760480642318725586e+00
-3.930459976196289062e+00
-3.921805620193481445e+00
-3.932082176208496094e+00
-4.049289703369140625e+00
-4.055053710937500000e+00
-4.078177928924560547e+00
-4.042133331298828125e+00
-4.072573661804199219e+00
-4.170296669006347656e+00
-4.021714687347412109e+00
-4.105333805084228516e+00
-3.994550466537475586e+00
-3.872392892837524414e+00
-4.077458381652832031e+00
-4.020359992980957031e+00
-4.135246276855468750e+00
-4.060037136077880859e+00
-4.144764423370361328e+00
-4.239159584045410156e+00
-4.253576278686523438e+00
-4.145185470581054688e+00
-4.199385166168212891e+00
-4.109642982482910156e+00
-3.970753192901611328e+00
-4.121766090393066406e+00
-4.109333515167236328e+00
-4.214075565338134766e+00
-4.109331607818603516e+00
-4.114995956420898438e+00
-3.947176218032836914e+00
-4.095958709716796875e+00
-4.339849948883056641e+00
-4.203960418701171875e+00
-4.155070304870605469e+00
-4.128274917602539062e+00
-4.051885604858398438e+00
-4.107892036437988281e+00
-4.027584075927734375e+00
-3.854133367538452148e+00
-4.016397476196289062e+00
-3.790935754776000977e+00
-4.097803115844726562e+00
-4.123389244079589844e+00
-4.093084335327148438e+00
-3.830833196640014648e+00
-3.824810504913330078e+00
-4.124258041381835938e+00
-4.108051776885986328e+00
-4.172476768493652344e+00
-4.001652717590332031e+00
-4.095778465270996094e+00
-4.178701877593994141e+00
-4.117582321166992188e+00
-4.204121589660644531e+00
-4.187796115875244141e+00
