-3.759834051132202148e+00
-3.663977384567260742e+00
-3.802548408508300781e+00
-3.794214725494384766e+00
-3.914808273315429688e+00
-3.645027160644531250e+00
-4.117872714996337891e+00
-4.033627510070800781e+00
-4.006900787353515625e+00
-3.743578433990478516e+00
-3.906272888183593750e+00
-3.921062707901000977e+00
-4.028721809387207031e+00
-3.841053962707519531e+00
-4.025746345520019531e+00
-4.089261531829833984e+00
-4.046600818634033203e+00
-4.083463668823242188e+00
-3.026004076004028320e+00
-3.870187997817993164e+00
-4.095608234405517578e+00
-3.942014217376708984e+00
-3.605181217193603516e+00
-3.224192619323730469e+00
-3.767668724060058594e+00
-4.052296638488769531e+00
-3.644474267959594727e+00
-3.760030269622802734e+00
-4.008190155029296875e+00
-3.692490816116333008e+00
-3.172773122787475586e+00
-2.956122636795043945e+00
-3.958969116210937500e+00
-4.086281776428222656e+00
-4.019792556762695312e+00
-4.075345993041992188e+00
-3.905774116516113281e+00
-4.177327156066894531e+00
-3.897427082061767578e+00
-3.788489580154418945e+00
-3.981006860733032227e+00
-3.155255079269409180e+00
-3.547236919403076172e+00
-3.866420984268188477e+00
-4.056264400482177734e+00
-3.869350194931030273e+00
-4.160705089569091797e+00
-3.604744195938110352e+00
-4.119863033294677734e+00
-4.058597564697265625e+00
-3.730499029159545898e+00
-3.744679450988769531e+00
-3.902071475982666016e+00
-3.859231472015380859e+00
-3.785940647125244141e+00
-4.229948520660400391e+00
-3.996333360671997070e+00
-4.012025833129882812e+00
-3.754885673522949219e+00
-4.216259002685546875e+00
-4.013719081878662109e+00
-4.018877983093261719e+00
-3.986946344375610352e+00
-3.680265188217163086e+00
-4.015206336975097656e+00
-3.404703140258789062e+00
-3.544339895248413086e+00
-4.287308216094970703e+00
-4.276715278625488281e+00
-3.953604221343994141e+00
-3.891245126724243164e+00
-3.867906093597412109e+00
-3.582261323928833008e+00
-3.245034456253051758e+00
-3.579417943954467773e+00
-3.832285881042480469e+00
-3.876214504241943359e+00
-4.200733661651611328e+00
-3.902636051177978516e+00
-3.697243690490722656e+00
-3.375467538833618164e+00
-4.069325923919677734e+00
-4.084745407104492188e+00
-4.045469760894775391e+00
-4.069176197052001953e+00
-4.022339820861816406e+00
-4.018741130828857422e+00
-4.079906940460205078e+00
-3.607976675033569336e+00
-3.455874681472778320e+00
-3.164829015731811523e+00
-3.792354822158813477e+00
-3.977232933044433594e+00
-3.996588468551635742e+00
-3.823537349700927734e+00
-3.688310623168945312e+00
-3.669022321701049805e+00
-4.110987186431884766e+00
-4.076961040496826172e+00
-4.079146385192871094e+00
-2.973831892013549805e+00
-4.074841499328613281e+00
-4.145796298980712891e+00
-4.146163940429687500e+00
-4.276699066162109375e+00
-4.158842086791992188e+00
-4.013511657714843750e+00
-3.825984477996826172e+00
-3.277481317520141602e+00
-4.088332653045654297e+00
-4.182569980621337891e+00
-3.774067640304565430e+00
-4.174549102783203125e+00
-4.166499137878417969e+00
-3.083617210388183594e+00
-3.992935895919799805e+00
-3.838949680328369141e+00
-3.226104497909545898e+00
-3.657313823699951172e+00
-4.192862987518310547e+00
-4.215170383453369141e+00
-4.149022102355957031e+00
-4.095620632171630859e+00
-3.100781440734863281e+00
-4.026254177093505859e+00
-3.915977716445922852e+00
-2.714839458465576172e+00
-4.230195522308349609e+00
