-3.427142858505249023e+00
-3.721763372421264648e+00
-3.580981731414794922e+00
-3.462437152862548828e+00
-3.546135902404785156e+00
-3.777596712112426758e+00
-3.708476543426513672e+00
-3.704629421234130859e+00
-3.998623609542846680e+00
-3.879455804824829102e+00
-3.975439548492431641e+00
-3.794918537139892578e+00
-3.706650018692016602e+00
-3.788824081420898438e+00
-3.944278240203857422e+00
-3.904090642929077148e+00
-3.686668634414672852e+00
-3.708808183670043945e+00
-3.928450584411621094e+00
-4.079511642456054688e+00
-4.047000885009765625e+00
-3.991193294525146484e+00
-4.002871036529541016e+00
-3.755258083343505859e+00
-3.942240953445434570e+00
-4.055644989013671875e+00
-3.898465156555175781e+00
-3.919368028640747070e+00
-4.067465305328369141e+00
-3.904689311981201172e+00
-3.889950752258300781e+00
-3.894368648529052734e+00
-3.945902824401855469e+00
-3.917102575302124023e+00
-3.928457021713256836e+00
-3.939475059509277344e+00
-3.782903432846069336e+00
-3.650968074798583984e+00
-3.670907020568847656e+00
-3.824695348739624023e+00
-3.543046951293945312e+00
-3.871371746063232422e+00
-3.842583656311035156e+00
-3.781117916107177734e+00
-4.007471084594726562e+00
-3.946305513381958008e+00
-3.955955266952514648e+00
-3.844823360443115234e+00
-3.769918203353881836e+00
-3.578082323074340820e+00
-4.019052505493164062e+00
-3.758808374404907227e+00
-4.089092254638671875e+00
-3.840157747268676758e+00
-3.815599679946899414e+00
-3.997257947921752930e+00
-3.889232397079467773e+00
-3.979769229888916016e+00
-4.210453987121582031e+00
-3.927548885345458984e+00
-3.983428955078125000e+00
-4.001607894897460938e+00
-3.966298818588256836e+00
-3.917855739593505859e+00
-3.707787752151489258e+00
-3.896421432495117188e+00
-3.821713209152221680e+00
-4.123213291168212891e+00
-3.859987497329711914e+00
-3.927248954772949219e+00
-3.888066768646240234e+00
-4.014402389526367188e+00
-3.907058954238891602e+00
-4.078758239746093750e+00
-4.074880123138427734e+00
-3.943655014038085938e+00
-3.679811000823974609e+00
-3.755510330200195312e+00
-4.059588432312011719e+00
-4.010460376739501953e+00
-3.912920475006103516e+00
-4.059902667999267578e+00
-4.004972934722900391e+00
-3.621255397796630859e+00
-3.772628068923950195e+00
-4.047603607177734375e+00
-4.097461700439453125e+00
-4.073836326599121094e+00
-4.056825637817382812e+00
-4.247888565063476562e+00
-4.066172599792480469e+00
-4.067140102386474609e+00
-4.042917728424072266e+00
-4.170526027679443359e+00
-3.950038671493530273e+00
-3.916474342346191406e+00
-4.010160446166992188e+00
-3.872278213500976562e+00
-3.886191368103027344e+00
-4.003849506378173828e+00
-3.835838079452514648e+00
-3.851434230804443359e+00
-3.820212125778198242e+00
-4.091166973114013672e+00
-4.263976097106933594e+00
-4.075190067291259766e+00
-3.978305101394653320e+00
-4.002200603485107422e+00
-4.189653873443603516e+00
-4.114438533782958984e+00
-4.062451362609863281e+00
-3.958708524703979492e+00
-3.808322429656982422e+00
-4.023515224456787109e+00
-3.785507202148437500e+00
-3.977744817733764648e+00
-4.131077289581298828e+00
-4.208843231201171875e+00
-3.960050582885742188e+00
-4.041276931762695312e+00
-4.096975803375244141e+00
-4.057662487030029297e+00
-3.942850351333618164e+00
-4.077129840850830078e+00
-3.904154777526855469e+00
-3.806269884109497070e+00
-3.972547531127929688e+00
-4.169580936431884766e+00
