-3.781778573989868164e+00
-3.915886640548706055e+00
-3.505302667617797852e+00
-3.958558559417724609e+00
-4.009725570678710938e+00
-3.873387813568115234e+00
-3.764109611511230469e+00
-4.102419853210449219e+00
-4.003820896148681641e+00
-3.875106096267700195e+00
-3.867166996002197266e+00
-3.626769781112670898e+00
-4.037161827087402344e+00
-4.103676319122314453e+00
-3.983712673187255859e+00
-3.973627328872680664e+00
-3.666735649108886719e+00
-4.050317287445068359e+00
-4.016645908355712891e+00
-3.616143703460693359e+00
-3.953809261322021484e+00
-4.023386955261230469e+00
-4.058447360992431641e+00
-3.708438634872436523e+00
-4.102137565612792969e+00
-3.660417556762695312e+00
-4.070322990417480469e+00
-4.044513702392578125e+00
-4.104469776153564453e+00
-4.035444259643554688e+00
-3.952949285507202148e+00
-4.141564846038818359e+00
-3.697964191436767578e+00
-3.982829570770263672e+00
-3.656170606613159180e+00
-4.080641269683837891e+00
-4.119432926177978516e+00
-3.706848144531250000e+00
-4.116970062255859375e+00
-4.037891387939453125e+00
-4.136031627655029297e+00
-3.865040063858032227e+00
-4.054590225219726562e+00
-4.107548713684082031e+00
-4.100018501281738281e+00
-4.159879684448242188e+00
-4.020275115966796875e+00
-4.133462905883789062e+00
-3.740670680999755859e+00
-4.123260974884033203e+00
-4.181645393371582031e+00
-3.699557304382324219e+00
-3.991334438323974609e+00
-4.064050197601318359e+00
-4.096378803253173828e+00
-3.754441499710083008e+00
-4.031651020050048828e+00
-3.751904010772705078e+00
-4.164393424987792969e+00
-4.115811824798583984e+00
-3.694835186004638672e+00
-4.176177501678466797e+00
-4.097820281982421875e+00
-4.150421142578125000e+00
-4.096373081207275391e+00
-4.154588222503662109e+00
-3.690859317779541016e+00
-4.085863590240478516e+00
-4.190198898315429688e+00
-4.022680759429931641e+00
-3.815265178680419922e+00
-4.168544292449951172e+00
-3.913444757461547852e+00
-3.891385793685913086e+00
-3.733669996261596680e+00
-3.738597631454467773e+00
-3.984468936920166016e+00
-4.178417205810546875e+00
-4.004412651062011719e+00
-3.813182115554809570e+00
-4.022785186767578125e+00
-4.159540176391601562e+00
-4.077983856201171875e+00
-3.728322505950927734e+00
-3.969639062881469727e+00
-4.092949867248535156e+00
-4.160849094390869141e+00
-3.780468225479125977e+00
-3.971412420272827148e+00
-4.109530925750732422e+00
-4.217414379119873047e+00
-4.212782859802246094e+00
-4.076181411743164062e+00
-4.092081069946289062e+00
-4.086016654968261719e+00
-4.201994895935058594e+00
-3.925259590148925781e+00
-3.753656864166259766e+00
-4.075184345245361328e+00
-4.209998130798339844e+00
-4.223838329315185547e+00
-4.072716236114501953e+00
-3.796023845672607422e+00
-4.207375049591064453e+00
-4.238307952880859375e+00
-4.203856945037841797e+00
-4.062357425689697266e+00
-4.208425998687744141e+00
-4.254941463470458984e+00
-4.201348781585693359e+00
-4.040986537933349609e+00
-4.093852519989013672e+00
-3.680997371673583984e+00
-3.867900133132934570e+00
-4.053185462951660156e+00
-3.969157457351684570e+00
-3.772648811340332031e+00
-3.726060152053833008e+00
-4.097558975219726562e+00
-3.817430973052978516e+00
-4.188458919525146484e+00
-3.836710453033447266e+00
-4.135990142822265625e+00
-4.210533618927001953e+00
-3.790599107742309570e+00
-3.841939926147460938e+00
-3.806288957595825195e+00
-4.222203254699707031e+00
