-3.831247568130493164e+00
-3.925158739089965820e+00
-3.874378681182861328e+00
-3.826033830642700195e+00
-3.630476713180541992e+00
-3.797821998596191406e+00
-3.979358196258544922e+00
-3.938817501068115234e+00
-3.891227960586547852e+00
-4.121439933776855469e+00
-4.064181327819824219e+00
-3.907204627990722656e+00
-4.031514167785644531e+00
-4.146746635437011719e+00
-3.892813682556152344e+00
-4.018419265747070312e+00
-3.964355230331420898e+00
-4.023082733154296875e+00
-4.046432971954345703e+00
-3.983149051666259766e+00
-4.097158432006835938e+00
-3.933546781539916992e+00
-4.069705009460449219e+00
-4.097202301025390625e+00
-3.898972749710083008e+00
-4.093426704406738281e+00
-3.825770378112792969e+00
-3.882025718688964844e+00
-4.074947834014892578e+00
-4.058127403259277344e+00
-3.971111774444580078e+00
-4.141226291656494141e+00
-4.048246383666992188e+00
-4.147996425628662109e+00
-4.148198127746582031e+00
-4.042929172515869141e+00
-4.134841442108154297e+00
-4.072277069091796875e+00
-3.838787317276000977e+00
-4.049990653991699219e+00
-4.153582096099853516e+00
-3.991419315338134766e+00
-4.003259181976318359e+00
-4.083761215209960938e+00
-4.067043304443359375e+00
-4.159363746643066406e+00
-3.878477573394775391e+00
-4.024507522583007812e+00
-4.004872322082519531e+00
-3.864670038223266602e+00
-4.278512477874755859e+00
-4.174935817718505859e+00
-4.167488098144531250e+00
-4.154409885406494141e+00
-4.002162456512451172e+00
-4.077525138854980469e+00
-4.070684909820556641e+00
-4.048112869262695312e+00
-4.196736335754394531e+00
-4.170384407043457031e+00
-3.964586257934570312e+00
-4.011590957641601562e+00
-3.983442783355712891e+00
-4.096271038055419922e+00
-4.084780693054199219e+00
-4.094827175140380859e+00
-4.165631294250488281e+00
-4.156234264373779297e+00
-4.176590919494628906e+00
-4.002239227294921875e+00
-3.833791732788085938e+00
-4.094674587249755859e+00
-4.012655258178710938e+00
-4.041844844818115234e+00
-4.146491527557373047e+00
-4.075327396392822266e+00
-3.977226972579956055e+00
-4.084542751312255859e+00
-4.202651023864746094e+00
-4.133443832397460938e+00
-4.180746555328369141e+00
-4.057825088500976562e+00
-3.941056489944458008e+00
-3.998793363571166992e+00
-4.161921501159667969e+00
-4.186497211456298828e+00
-4.136495590209960938e+00
-4.039016246795654297e+00
-4.111593246459960938e+00
-4.245657920837402344e+00
-4.300439357757568359e+00
-4.221076011657714844e+00
-3.884064674377441406e+00
-4.140429019927978516e+00
-4.032862186431884766e+00
-4.110734462738037109e+00
-3.999035358428955078e+00
-4.048826694488525391e+00
-4.125032424926757812e+00
-4.153869152069091797e+00
-4.140145778656005859e+00
-4.165623664855957031e+00
-4.195936203002929688e+00
-4.172283649444580078e+00
-4.122393608093261719e+00
-4.233219146728515625e+00
-4.086329936981201172e+00
-4.068393230438232422e+00
-3.910000085830688477e+00
-4.204455852508544922e+00
-4.162091732025146484e+00
-4.114299774169921875e+00
-4.070328235626220703e+00
-4.140919685363769531e+00
-4.188924789428710938e+00
-3.930281639099121094e+00
-3.920497417449951172e+00
-4.153372287750244141e+00
-4.150296211242675781e+00
-4.039628505706787109e+00
-4.234307765960693359e+00
-4.243345737457275391e+00
-3.981495618820190430e+00
-4.159632682800292969e+00
-4.037620544433593750e+00
-3.907337903976440430e+00
-3.937175035476684570e+00
-4.185829639434814453e+00
