-3.207753896713256836e+00
-3.760459899902343750e+00
-3.855758428573608398e+00
-3.313982486724853516e+00
-3.476423025131225586e+00
-3.385705471038818359e+00
-3.820571899414062500e+00
-3.990623235702514648e+00
-3.872220993041992188e+00
-3.911804437637329102e+00
-3.754771471023559570e+00
-3.510649919509887695e+00
-3.450613021850585938e+00
-3.983925580978393555e+00
-3.801780462265014648e+00
-3.769600152969360352e+00
-3.462909221649169922e+00
-3.859739303588867188e+00
-4.007859706878662109e+00
-2.826822757720947266e+00
-3.599404811859130859e+00
-3.827030420303344727e+00
-4.103460788726806641e+00
-3.358757972717285156e+00
-3.452214241027832031e+00
-2.829580783843994141e+00
-3.714983463287353516e+00
-3.251585721969604492e+00
-3.765096426010131836e+00
-3.893006563186645508e+00
-3.884729862213134766e+00
-4.134422779083251953e+00
-3.851410627365112305e+00
-3.505893468856811523e+00
-2.940057992935180664e+00
-3.866019964218139648e+00
-4.067336559295654297e+00
-3.706387042999267578e+00
-4.001287460327148438e+00
-3.455945491790771484e+00
-3.945547580718994141e+00
-3.808149337768554688e+00
-3.828878879547119141e+00
-3.804784297943115234e+00
-3.608809232711791992e+00
-4.100059986114501953e+00
-3.625443696975708008e+00
-3.791312932968139648e+00
-2.802547693252563477e+00
-3.802145481109619141e+00
-4.199212551116943359e+00
-4.048236846923828125e+00
-3.929747819900512695e+00
-4.070394992828369141e+00
-4.042864799499511719e+00
-3.614880561828613281e+00
-2.912289619445800781e+00
-2.879478216171264648e+00
-4.035118579864501953e+00
-4.240090847015380859e+00
-3.941727399826049805e+00
-3.732769966125488281e+00
-2.771509408950805664e+00
-4.178241252899169922e+00
-4.092226982116699219e+00
-4.078088283538818359e+00
-4.120965480804443359e+00
-4.090211868286132812e+00
-4.210410594940185547e+00
-3.559139728546142578e+00
-2.988684654235839844e+00
-2.958545207977294922e+00
-4.007307529449462891e+00
-3.940905570983886719e+00
-3.437572956085205078e+00
-3.812099933624267578e+00
-3.958893537521362305e+00
-4.245697498321533203e+00
-4.148453235626220703e+00
-3.043697834014892578e+00
-3.725247859954833984e+00
-3.976066589355468750e+00
-4.065392017364501953e+00
-3.844192504882812500e+00
-2.959082126617431641e+00
-3.650601148605346680e+00
-4.200927257537841797e+00
-3.727615594863891602e+00
-3.933825731277465820e+00
-4.064915180206298828e+00
-3.836459875106811523e+00
-4.194355010986328125e+00
-4.021062374114990234e+00
-3.576188325881958008e+00
-3.501060485839843750e+00
-4.129672050476074219e+00
-3.419640541076660156e+00
-2.859760046005249023e+00
-3.744994163513183594e+00
-3.927276611328125000e+00
-4.178900241851806641e+00
-4.072536468505859375e+00
-4.018624782562255859e+00
-3.933699846267700195e+00
-4.123661994934082031e+00
-3.186578750610351562e+00
-3.701713800430297852e+00
-3.991923570632934570e+00
-3.563181877136230469e+00
-4.087733268737792969e+00
-3.000663995742797852e+00
-4.156260013580322266e+00
-2.905137062072753906e+00
-3.983829259872436523e+00
-4.034058094024658203e+00
-2.865372419357299805e+00
-4.011396884918212891e+00
-3.797090530395507812e+00
-4.228967189788818359e+00
-4.086986541748046875e+00
-3.901156425476074219e+00
-3.068618059158325195e+00
-3.955103874206542969e+00
-4.280723094940185547e+00
-4.113826751708984375e+00
-3.989169120788574219e+00
-3.626763105392456055e+00
-4.265822887420654297e+00
