-3.638154983520507812e+00
-3.823754549026489258e+00
-3.848229646682739258e+00
-3.945685148239135742e+00
-3.967331171035766602e+00
-3.531624555587768555e+00
-3.546789646148681641e+00
-3.914256334304809570e+00
-3.903265476226806641e+00
-3.797172546386718750e+00
-3.940021038055419922e+00
-3.977362394332885742e+00
-3.668291568756103516e+00
-4.121965885162353516e+00
-3.968629121780395508e+00
-3.841753244400024414e+00
-3.991122245788574219e+00
-3.885750055313110352e+00
-3.969388961791992188e+00
-3.988902091979980469e+00
-3.946523189544677734e+00
-3.910734653472900391e+00
-4.029451370239257812e+00
-3.977121353149414062e+00
-4.070452690124511719e+00
-3.958126306533813477e+00
-3.679825544357299805e+00
-4.124913215637207031e+00
-4.028546333312988281e+00
-3.979722976684570312e+00
-3.689995765686035156e+00
-4.141083240509033203e+00
-4.037183284759521484e+00
-3.894341707229614258e+00
-3.971555471420288086e+00
-3.962389469146728516e+00
-4.072681903839111328e+00
-3.979983568191528320e+00
-3.961101293563842773e+00
-4.019587516784667969e+00
-4.085504055023193359e+00
-3.847344398498535156e+00
-3.920799970626831055e+00
-3.997023582458496094e+00
-4.110059261322021484e+00
-4.164342403411865234e+00
-3.645447492599487305e+00
-3.926677942276000977e+00
-4.000885009765625000e+00
-3.860131502151489258e+00
-4.258890151977539062e+00
-4.023658752441406250e+00
-3.953944683074951172e+00
-4.097112655639648438e+00
-4.001178741455078125e+00
-3.931835889816284180e+00
-4.095993995666503906e+00
-4.017640113830566406e+00
-4.223371505737304688e+00
-4.169401168823242188e+00
-3.828926324844360352e+00
-3.937434196472167969e+00
-3.934360265731811523e+00
-4.141071319580078125e+00
-4.079023838043212891e+00
-3.907856941223144531e+00
-4.001078605651855469e+00
-3.828722000122070312e+00
-4.269490242004394531e+00
-4.157391548156738281e+00
-4.071496963500976562e+00
-4.124682426452636719e+00
-3.977936029434204102e+00
-3.997156381607055664e+00
-4.031941413879394531e+00
-4.191653728485107422e+00
-4.113331317901611328e+00
-4.173872947692871094e+00
-3.821302890777587891e+00
-3.859949111938476562e+00
-4.199598789215087891e+00
-4.086413860321044922e+00
-3.941354274749755859e+00
-4.110441684722900391e+00
-4.046317100524902344e+00
-4.086819171905517578e+00
-4.137530326843261719e+00
-3.943790912628173828e+00
-3.687340497970581055e+00
-4.088383197784423828e+00
-3.645645856857299805e+00
-4.235208988189697266e+00
-4.168550491333007812e+00
-3.986217021942138672e+00
-4.048414707183837891e+00
-3.966599464416503906e+00
-3.944189548492431641e+00
-4.138736248016357422e+00
-4.157149791717529297e+00
-3.771992683410644531e+00
-4.211071968078613281e+00
-3.948222398757934570e+00
-4.041589736938476562e+00
-3.761957168579101562e+00
-4.358295440673828125e+00
-4.286839008331298828e+00
-4.165586948394775391e+00
-4.265203952789306641e+00
-4.138244152069091797e+00
-4.143067836761474609e+00
-3.958074092864990234e+00
-3.806277275085449219e+00
-3.962128400802612305e+00
-4.027096748352050781e+00
-4.159904003143310547e+00
-4.022139549255371094e+00
-4.229665279388427734e+00
-4.065360546112060547e+00
-4.123235702514648438e+00
-4.176376819610595703e+00
-4.137249946594238281e+00
-4.230427742004394531e+00
-4.178097724914550781e+00
-3.966960191726684570e+00
-4.041433334350585938e+00
-3.782061576843261719e+00
-4.087916374206542969e+00
-4.185577392578125000e+00
