-3.798878669738769531e+00
-3.415888309478759766e+00
-3.832030534744262695e+00
-4.064561367034912109e+00
-3.973095893859863281e+00
-3.800761222839355469e+00
-3.780156850814819336e+00
-3.870636701583862305e+00
-3.972745895385742188e+00
-3.951724290847778320e+00
-3.938184261322021484e+00
-3.875182390213012695e+00
-3.922473192214965820e+00
-4.058488368988037109e+00
-4.035696029663085938e+00
-3.553965806961059570e+00
-3.564732551574707031e+00
-4.182058334350585938e+00
-4.079738616943359375e+00
-3.519480705261230469e+00
-3.588506460189819336e+00
-4.122352600097656250e+00
-4.177726268768310547e+00
-3.702528715133666992e+00
-3.532492637634277344e+00
-3.664915561676025391e+00
-3.663853168487548828e+00
-4.205245494842529297e+00
-4.212617874145507812e+00
-4.111947536468505859e+00
-3.483076810836791992e+00
-4.159730911254882812e+00
-4.018393516540527344e+00
-4.080062389373779297e+00
-3.631199121475219727e+00
-3.958422183990478516e+00
-4.109639167785644531e+00
-3.997462987899780273e+00
-4.035886764526367188e+00
-3.775240421295166016e+00
-4.090606689453125000e+00
-4.170409679412841797e+00
-3.488684415817260742e+00
-3.569966077804565430e+00
-4.213306903839111328e+00
-4.189139842987060547e+00
-3.963516235351562500e+00
-3.991394042968750000e+00
-4.104659557342529297e+00
-3.736574172973632812e+00
-4.279149055480957031e+00
-3.898563146591186523e+00
-3.953583717346191406e+00
-3.912968158721923828e+00
-4.166903495788574219e+00
-3.689065456390380859e+00
-4.131035327911376953e+00
-3.963862895965576172e+00
-4.048819065093994141e+00
-4.282716751098632812e+00
-3.972127676010131836e+00
-3.609246730804443359e+00
-3.567016839981079102e+00
-4.187109947204589844e+00
-4.100070476531982422e+00
-3.719936132431030273e+00
-4.154732704162597656e+00
-3.813014507293701172e+00
-4.140288829803466797e+00
-4.179562568664550781e+00
-4.101696014404296875e+00
-4.024265289306640625e+00
-4.007502555847167969e+00
-4.184650897979736328e+00
-4.070147514343261719e+00
-4.193555831909179688e+00
-3.977916955947875977e+00
-4.204634189605712891e+00
-3.664694309234619141e+00
-3.664738416671752930e+00
-4.088710308074951172e+00
-3.689425945281982422e+00
-4.191426753997802734e+00
-4.126578330993652344e+00
-4.085962772369384766e+00
-3.928692579269409180e+00
-4.179277420043945312e+00
-4.231658935546875000e+00
-3.964491605758666992e+00
-3.962576389312744141e+00
-4.230511665344238281e+00
-4.234437465667724609e+00
-4.123373508453369141e+00
-4.105542659759521484e+00
-3.687878370285034180e+00
-4.159534454345703125e+00
-3.888429641723632812e+00
-4.044844150543212891e+00
-4.079630374908447266e+00
-4.164796829223632812e+00
-4.225170135498046875e+00
-4.205158710479736328e+00
-4.013719081878662109e+00
-4.167872428894042969e+00
-4.224636077880859375e+00
-4.312161922454833984e+00
-4.055257797241210938e+00
-3.753754377365112305e+00
-3.780257940292358398e+00
-4.138053417205810547e+00
-3.723059415817260742e+00
-3.750704050064086914e+00
-3.942010402679443359e+00
-4.100987434387207031e+00
-4.185135841369628906e+00
-4.149504184722900391e+00
-3.687689781188964844e+00
-4.093303680419921875e+00
-4.202422618865966797e+00
-4.093501091003417969e+00
-4.271902561187744141e+00
-4.250740528106689453e+00
-4.170445442199707031e+00
-4.195845127105712891e+00
-4.271191596984863281e+00
-3.658440828323364258e+00
-4.195100307464599609e+00
-4.220537185668945312e+00
