,e_execute,r_execute,startup_cost,total_cost,e_cardinality,start_time,total_time,r_cardinality,remark_execute,remark_estimate
0,True,,3.12,7352.24,3903,,,,,
1,True,,2.84,7375.59,34000,,,,,
2,True,,3.54,7339.27,64000,,,,,
3,True,,3.54,4142.33,36000,,,,,
4,True,,0.0,7338.0,92887,,,,,
5,True,,3.12,7355.3,4976,,,,,
6,True,,3.12,7686.04,33333,,,,,
7,True,,0.0,7588.0,33333,,,,,
8,True,,3.12,7686.04,33333,,,,,
9,True,,0.0,7338.0,45342,,,,,
10,True,,0.0,7588.0,33333,,,,,
11,True,,0.0,2.75,17,,,,,
12,True,,3.54,4142.33,36000,,,,,
13,True,,3.54,7339.27,64000,,,,,
14,True,,0.0,2.62,17,,,,,
15,True,,3.54,7339.27,64000,,,,,
16,True,,0.0,7338.0,57271,,,,,
17,True,,3.12,7686.04,33333,,,,,
18,True,,2.84,7375.59,34000,,,,,
19,True,,2.84,7375.59,34000,,,,,
20,True,,2.84,7375.59,34000,,,,,
21,True,,0.0,2.75,17,,,,,
22,True,,0.0,2.62,17,,,,,
23,True,,0.0,640503.62,7799309,,,,,
24,True,,2.96,7375.71,34000,,,,,
25,True,,3.12,7535.18,68150,,,,,
26,True,,0.0,2.75,17,,,,,
27,True,,3.54,4142.33,36000,,,,,
28,True,,0.42,7153.91,64000,,,,,
29,True,,0.42,4036.7,36000,,,,,
30,True,,0.0,7588.0,33333,,,,,
31,True,,0.0,7338.0,100000,,,,,
32,True,,0.0,7338.0,19391,,,,,
33,True,,0.0,7588.0,33333,,,,,
34,True,,3.54,7339.27,64000,,,,,
35,True,,0.0,2.75,17,,,,,
36,True,,0.42,4036.7,36000,,,,,
37,True,,3.12,7375.1,11929,,,,,
38,True,,2.96,7375.71,34000,,,,,
39,True,,0.0,2.75,17,,,,,
40,True,,0.42,7153.91,64000,,,,,
41,True,,3.54,4142.33,36000,,,,,
42,True,,2.84,7375.59,34000,,,,,
43,True,,0.0,7338.0,52410,,,,,
44,True,,0.42,4036.7,36000,,,,,
45,True,,3.12,7383.57,14908,,,,,
46,True,,3.12,7591.9,88071,,,,,
47,True,,0.0,7338.0,27821,,,,,
48,True,,0.42,7153.91,64000,,,,,
49,True,,0.42,4036.7,36000,,,,,
50,True,,0.0,7338.0,80010,,,,,
51,True,,0.0,7338.0,56227,,,,,
52,True,,1000.0,485274.44,1,,,,,
53,True,,0.42,4036.7,36000,,,,,
54,True,,0.0,7588.0,33333,,,,,
55,True,,3.12,7526.83,65217,,,,,
56,True,,3.12,7605.62,92887,,,,,
57,True,,0.42,4036.7,36000,,,,,
58,True,,3.12,7576.45,82642,,,,,
59,True,,2.84,7375.59,34000,,,,,
60,True,,2.96,7375.71,34000,,,,,
61,True,,0.0,2.62,17,,,,,
62,True,,0.44,568937.58,11569894,,,,,
63,True,,2.84,7375.59,34000,,,,,
64,True,,0.0,7338.0,90058,,,,,
65,True,,0.0,2.62,17,,,,,
66,True,,0.42,4036.7,36000,,,,,
67,True,,3.54,7339.27,64000,,,,,
68,True,,0.42,7153.91,64000,,,,,
69,True,,0.0,7588.0,33333,,,,,
70,True,,0.0,7338.0,25834,,,,,
71,True,,3.54,7339.27,64000,,,,,
72,True,,2.84,7375.59,34000,,,,,
73,True,,2.84,7375.59,34000,,,,,
74,True,,3.54,7339.27,64000,,,,,
75,True,,2.96,7375.71,34000,,,,,
76,True,,2.96,7375.71,34000,,,,,
77,True,,0.0,2.75,17,,,,,
78,True,,3.54,7339.27,64000,,,,,
79,True,,0.0,7588.0,33333,,,,,
80,True,,0.0,2.62,17,,,,,
81,True,,2.96,7375.71,34000,,,,,
82,True,,0.0,2.62,17,,,,,
83,True,,0.42,7153.91,64000,,,,,
84,True,,0.0,7338.0,54658,,,,,
85,True,,3.54,7339.27,64000,,,,,
86,True,,0.0,2.75,17,,,,,
87,True,,3.12,7374.87,11850,,,,,
88,True,,0.42,7153.91,64000,,,,,
89,True,,3.54,7339.27,64000,,,,,
90,True,,2.84,7375.59,34000,,,,,
91,True,,3.54,7339.27,64000,,,,,
92,True,,0.0,7588.0,33333,,,,,
93,True,,0.0,7338.0,57638,,,,,
94,True,,2.96,7375.71,34000,,,,,
95,True,,1000.0,485274.44,1,,,,,
96,True,,0.0,7338.0,11929,,,,,
97,True,,2.84,7375.59,34000,,,,,
98,True,,0.0,7338.0,19883,,,,,
99,True,,74811.89,479602.49,2568688,,,,,
