,e_execute,r_execute,startup_cost,total_cost,e_cardinality,start_time,total_time,r_cardinality,remark_execute,remark_estimate
0,True,,0.0,7088.0,100000,,,,,
1,True,,0.0,7088.0,100000,,,,,
2,True,,0.0,7088.0,100000,,,,,
3,True,,0.0,7088.0,100000,,,,,
4,True,,0.0,7088.0,100000,,,,,
5,True,,0.0,7088.0,100000,,,,,
6,True,,0.0,7088.0,100000,,,,,
7,True,,0.0,7088.0,100000,,,,,
8,True,,0.0,7088.0,100000,,,,,
9,True,,0.0,7088.0,100000,,,,,
10,True,,0.0,7088.0,100000,,,,,
11,True,,0.0,7088.0,100000,,,,,
12,True,,0.0,7088.0,100000,,,,,
13,True,,0.0,7088.0,100000,,,,,
14,True,,0.0,7088.0,100000,,,,,
15,True,,0.0,7088.0,100000,,,,,
16,True,,0.0,7088.0,100000,,,,,
17,True,,0.0,7088.0,100000,,,,,
18,True,,0.0,7088.0,100000,,,,,
19,True,,0.0,7088.0,100000,,,,,
20,True,,0.0,7088.0,100000,,,,,
21,True,,0.0,7088.0,100000,,,,,
22,True,,0.0,7088.0,100000,,,,,
23,True,,0.0,7088.0,100000,,,,,
24,True,,0.0,7088.0,100000,,,,,
25,True,,0.0,7088.0,100000,,,,,
26,True,,0.0,7088.0,100000,,,,,
27,True,,0.0,7088.0,100000,,,,,
28,True,,0.0,7088.0,100000,,,,,
29,True,,0.0,7088.0,100000,,,,,
30,True,,0.0,7088.0,100000,,,,,
31,True,,0.0,7088.0,100000,,,,,
32,True,,0.0,7088.0,100000,,,,,
33,True,,0.0,7088.0,100000,,,,,
34,True,,0.0,7088.0,100000,,,,,
35,True,,0.0,7088.0,100000,,,,,
36,True,,0.0,7088.0,100000,,,,,
37,True,,0.0,7088.0,100000,,,,,
38,True,,0.0,7088.0,100000,,,,,
39,True,,0.0,7088.0,100000,,,,,
40,True,,0.0,7088.0,100000,,,,,
41,True,,0.0,7088.0,100000,,,,,
42,True,,0.0,7088.0,100000,,,,,
43,True,,0.0,7088.0,100000,,,,,
44,True,,0.0,7088.0,100000,,,,,
45,True,,0.0,7088.0,100000,,,,,
46,True,,0.0,7088.0,100000,,,,,
47,True,,0.0,7088.0,100000,,,,,
48,True,,0.0,7088.0,100000,,,,,
49,True,,0.0,7088.0,100000,,,,,
50,True,,0.0,7088.0,100000,,,,,
51,True,,0.0,7088.0,100000,,,,,
52,True,,0.0,7088.0,100000,,,,,
53,True,,0.0,7088.0,100000,,,,,
54,True,,0.0,7088.0,100000,,,,,
55,True,,0.0,7088.0,100000,,,,,
56,True,,0.0,7088.0,100000,,,,,
57,True,,0.0,7088.0,100000,,,,,
58,True,,0.0,7088.0,100000,,,,,
59,True,,0.0,7088.0,100000,,,,,
60,True,,0.0,7088.0,100000,,,,,
61,True,,0.0,7088.0,100000,,,,,
62,True,,0.0,7088.0,100000,,,,,
63,True,,0.0,7088.0,100000,,,,,
64,True,,0.0,7088.0,100000,,,,,
65,True,,0.0,7088.0,100000,,,,,
66,True,,0.0,7088.0,100000,,,,,
67,True,,0.0,7088.0,100000,,,,,
68,True,,0.0,7088.0,100000,,,,,
69,True,,0.0,7088.0,100000,,,,,
70,True,,0.0,7088.0,100000,,,,,
71,True,,0.0,7088.0,100000,,,,,
72,True,,0.0,7088.0,100000,,,,,
73,True,,0.0,7088.0,100000,,,,,
74,True,,0.0,7088.0,100000,,,,,
75,True,,0.0,7088.0,100000,,,,,
76,True,,0.0,7088.0,100000,,,,,
77,True,,0.0,7088.0,100000,,,,,
78,True,,0.0,7088.0,100000,,,,,
79,True,,0.0,7088.0,100000,,,,,
80,True,,0.0,7088.0,100000,,,,,
81,True,,0.0,7088.0,100000,,,,,
82,True,,0.0,7088.0,100000,,,,,
83,True,,0.0,7088.0,100000,,,,,
84,True,,0.0,7088.0,100000,,,,,
85,True,,0.0,7088.0,100000,,,,,
86,True,,0.0,7088.0,100000,,,,,
87,True,,0.0,7088.0,100000,,,,,
88,True,,0.0,7088.0,100000,,,,,
89,True,,0.0,7088.0,100000,,,,,
90,True,,0.0,7088.0,100000,,,,,
91,True,,0.0,7088.0,100000,,,,,
92,True,,0.0,7088.0,100000,,,,,
93,True,,0.0,7088.0,100000,,,,,
94,True,,0.0,7088.0,100000,,,,,
95,True,,0.0,7088.0,100000,,,,,
96,True,,0.0,7088.0,100000,,,,,
97,True,,0.0,7088.0,100000,,,,,
98,True,,0.0,7088.0,100000,,,,,
99,True,,0.0,7088.0,100000,,,,,
