,q_type,join,aggregate,nest,having,predicate,length,order by
0,4,0,0,0,0,2,11,0
1,4,0,0,0,0,3,15,0
2,4,0,0,0,0,1,7,0
3,2,0,0,0,0,5,26,0
4,2,0,0,0,0,2,20,0
5,1,1,0,0,0,5,28,0
6,2,0,0,0,0,5,26,0
7,2,0,0,0,0,3,18,0
8,4,0,0,0,0,4,19,0
9,2,0,0,0,0,3,18,0
10,2,0,0,0,0,4,28,0
11,2,0,0,0,0,1,13,0
12,1,0,0,0,0,3,16,0
13,1,1,0,0,0,2,16,0
14,2,0,0,0,0,1,10,0
15,2,0,0,0,0,1,13,0
16,4,0,0,0,0,1,7,0
17,1,0,0,0,0,1,8,0
18,3,0,0,0,0,5,27,0
19,1,0,0,0,0,1,8,0
20,1,1,0,0,0,2,16,0
21,2,0,0,0,0,2,17,0
22,1,0,0,0,0,1,8,0
23,4,0,0,0,0,4,19,0
24,1,1,0,0,0,2,16,0
25,4,0,0,0,0,1,7,0
26,2,0,0,0,0,4,25,0
27,1,0,0,0,0,2,12,0
28,3,0,0,0,0,3,19,0
29,4,0,0,0,0,1,7,0
30,1,0,0,0,0,3,16,0
31,3,0,0,0,0,3,19,0
32,1,4,0,0,0,8,50,0
33,1,0,0,0,0,3,16,0
34,4,0,0,0,0,4,19,0
35,2,0,0,0,0,5,26,0
36,2,0,0,0,0,1,13,0
37,3,0,0,0,0,3,19,0
38,1,3,0,0,0,3,26,0
39,2,0,0,0,0,2,14,0
40,4,0,0,0,0,2,11,0
41,1,1,0,0,0,7,36,0
42,3,0,0,0,0,2,15,0
43,1,0,0,0,0,1,8,0
44,2,0,0,0,0,4,28,0
45,4,0,0,0,0,4,19,0
46,1,2,0,0,0,3,22,0
47,2,0,0,0,0,3,21,0
48,4,0,0,0,0,3,15,0
49,2,0,0,0,0,2,17,0
50,1,0,0,0,0,2,12,0
51,1,0,0,0,0,3,16,0
52,1,3,0,0,0,2,24,0
53,2,0,0,0,0,3,21,0
54,2,0,0,0,0,1,16,0
55,1,0,0,0,0,1,8,0
56,1,1,0,0,0,1,12,0
57,2,0,0,0,0,2,20,0
58,1,1,0,0,0,7,36,0
59,4,0,0,0,0,3,15,0
60,4,0,0,0,0,2,11,0
61,2,0,0,0,0,1,13,0
62,1,2,0,0,0,1,16,0
63,4,0,0,0,0,5,23,0
64,2,0,0,0,0,2,14,0
65,2,0,0,0,0,5,32,0
66,2,0,0,0,0,3,24,0
67,1,0,0,0,0,3,16,0
68,2,0,0,0,0,5,29,0
69,2,0,0,0,0,3,24,0
70,4,0,0,0,0,6,27,0
71,1,0,0,0,0,3,16,0
72,2,0,0,0,0,1,16,0
73,1,0,0,0,0,1,8,0
74,3,0,0,0,0,7,35,0
75,4,0,0,0,0,3,15,0
76,1,0,0,0,0,2,12,0
77,4,0,0,0,0,3,15,0
78,1,3,0,0,0,2,22,0
79,3,0,0,0,0,3,19,0
80,1,1,0,0,0,4,24,0
81,4,0,0,0,0,1,7,0
82,4,0,0,0,0,2,11,0
83,1,1,0,0,0,2,14,0
84,1,1,0,0,0,6,32,0
85,2,0,0,0,0,1,19,0
86,2,0,0,0,0,4,22,0
87,2,0,0,0,0,1,13,0
88,1,0,0,0,0,1,8,0
89,4,0,0,0,0,3,15,0
90,4,0,0,0,0,3,15,0
91,4,0,0,0,0,3,15,0
92,2,0,0,0,0,4,22,0
93,2,0,0,0,0,2,17,0
94,1,1,0,0,0,1,12,0
95,1,1,0,0,0,7,36,0
96,1,0,0,0,0,3,16,0
97,4,0,0,0,0,3,15,0
98,2,0,0,0,0,1,13,0
99,2,0,0,0,0,3,18,0
100,2,0,0,0,0,1,16,0
101,2,0,0,0,0,2,17,0
102,4,0,0,0,0,2,11,0
103,2,0,0,0,0,2,17,0
104,1,2,0,0,0,1,16,0
105,4,0,0,0,0,1,7,0
106,2,0,0,0,0,3,21,0
107,1,2,0,0,0,3,22,0
108,4,0,0,0,0,2,11,0
109,2,0,0,0,0,1,16,0
110,3,0,0,0,0,3,19,0
111,2,0,0,0,0,1,19,0
112,3,0,0,0,0,7,35,0
113,4,0,0,0,0,2,11,0
114,4,0,0,0,0,1,7,0
115,1,2,0,0,0,1,16,0
116,1,1,0,0,0,5,28,0
117,1,1,0,0,0,5,28,0
118,4,0,0,0,0,4,19,0
119,4,0,0,0,0,1,7,0
120,2,0,0,0,0,1,10,0
121,1,2,0,0,0,2,18,0
122,1,4,0,0,0,2,28,0
123,1,0,0,0,0,2,12,0
124,2,0,0,0,0,2,14,0
125,2,0,0,0,0,1,13,0
126,1,5,0,0,0,2,30,0
127,2,0,0,0,0,4,22,0
128,1,1,0,0,0,7,36,0
129,2,0,0,0,0,3,21,0
130,1,1,0,0,0,1,12,0
131,4,0,0,0,0,1,7,0
132,2,0,0,0,0,5,32,0
133,2,0,0,0,0,1,10,0
134,2,0,0,0,0,4,25,0
135,1,0,0,0,0,3,16,0
136,4,0,0,0,0,2,11,0
137,4,0,0,0,0,2,11,0
138,3,0,0,0,0,3,19,0
139,2,0,0,0,0,4,28,0
140,3,0,0,0,0,6,31,0
141,2,0,0,0,0,1,16,0
142,2,0,0,0,0,1,16,0
143,2,0,0,0,0,1,13,0
144,1,1,0,0,0,1,12,0
145,1,2,0,0,0,2,18,0
146,4,0,0,0,0,2,11,0
147,2,0,0,0,0,1,13,0
148,1,0,0,0,0,3,16,0
149,2,0,0,0,0,1,13,0
150,3,0,0,0,0,5,27,0
151,4,0,0,0,0,1,7,0
152,1,0,0,0,0,2,12,0
153,2,0,0,0,0,2,20,0
154,4,0,0,0,0,3,15,0
155,2,0,0,0,0,2,20,0
156,2,0,0,0,0,1,16,0
157,1,0,0,0,0,3,16,0
158,1,0,0,0,0,2,12,0
159,2,0,0,0,0,1,10,0
160,2,0,0,0,0,2,23,0
161,2,0,0,0,0,5,26,0
162,3,0,0,0,0,2,15,0
163,2,0,0,0,0,1,10,0
164,1,1,0,0,0,3,20,0
165,2,0,0,0,0,7,34,0
166,2,0,0,0,0,3,24,0
167,3,0,0,0,0,1,11,0
168,2,0,0,0,0,1,16,0
169,2,0,0,0,0,4,28,0
170,3,0,0,0,0,3,19,0
171,2,0,0,0,0,1,19,0
172,1,1,0,0,0,7,36,0
173,1,0,0,0,0,2,12,0
174,1,0,0,0,0,3,16,0
175,4,0,0,0,0,1,7,0
176,2,0,0,0,0,4,22,0
177,2,0,0,0,0,1,13,0
178,2,0,0,0,0,2,14,0
179,2,0,0,0,0,1,10,0
180,2,0,0,0,0,1,16,0
181,1,0,0,0,0,3,16,0
182,4,0,0,0,0,2,11,0
183,1,3,0,0,0,2,24,0
184,1,0,0,0,0,1,8,0
185,4,0,0,0,0,5,23,0
186,2,0,0,0,0,4,31,0
187,2,0,0,0,0,2,17,0
188,1,0,0,0,0,3,16,0
189,2,0,0,0,0,4,22,0
190,2,0,0,0,0,1,16,0
191,1,0,0,0,0,1,8,0
192,2,0,0,0,0,2,17,0
193,2,0,0,0,0,2,14,0
194,1,0,0,0,0,2,12,0
195,1,2,0,0,0,6,36,0
196,4,0,0,0,0,4,19,0
197,4,0,0,0,0,3,15,0
198,1,1,0,0,0,4,22,0
199,1,0,0,0,0,2,12,0
200,1,0,0,0,0,2,12,0
201,2,0,0,0,0,2,23,0
202,2,0,0,0,0,1,13,0
203,1,1,0,0,0,3,20,0
204,1,1,0,0,0,1,12,0
205,3,0,0,0,0,1,11,0
206,1,0,0,0,0,2,12,0
207,3,0,0,0,0,2,15,0
208,1,1,0,0,0,2,16,0
209,1,2,0,0,0,3,22,0
210,3,0,0,0,0,5,27,0
211,1,1,0,0,0,1,12,0
212,1,0,0,0,0,1,8,0
213,1,2,0,0,0,1,16,0
214,2,0,0,0,0,1,13,0
215,1,2,0,0,0,6,36,0
216,1,2,0,0,0,2,18,0
217,3,0,0,0,0,2,15,0
218,1,0,0,0,0,2,12,0
219,1,0,0,0,0,2,12,0
220,1,0,0,0,0,3,16,0
221,2,0,0,0,0,3,24,0
222,1,0,0,0,0,3,16,0
223,2,0,0,0,0,1,19,0
224,1,0,0,0,0,2,12,0
225,4,0,0,0,0,4,19,0
226,4,0,0,0,0,2,11,0
227,1,2,0,0,0,3,22,0
228,1,1,0,0,0,1,12,0
229,2,0,0,0,0,1,16,0
230,1,4,0,0,0,2,26,0
231,2,0,0,0,0,1,16,0
232,1,0,0,0,0,3,16,0
233,2,0,0,0,0,1,10,0
234,2,0,0,0,0,1,10,0
235,1,0,0,0,0,1,8,0
236,2,0,0,0,0,1,16,0
237,1,1,0,0,0,2,16,0
238,2,0,0,0,0,2,17,0
239,4,0,0,0,0,3,15,0
240,1,0,0,0,0,3,16,0
241,2,0,0,0,0,2,20,0
242,3,0,0,0,0,5,27,0
243,1,0,0,0,0,1,8,0
244,2,0,0,0,0,3,21,0
245,4,0,0,0,0,3,15,0
246,2,0,0,0,0,1,10,0
247,1,0,0,0,0,1,8,0
248,1,1,0,0,0,3,20,0
249,2,0,0,0,0,5,29,0
250,2,0,0,0,0,3,21,0
251,2,0,0,0,0,1,10,0
252,4,0,0,0,0,5,23,0
253,2,0,0,0,0,2,14,0
254,1,0,0,0,0,3,16,0
255,2,0,0,0,0,1,10,0
256,2,0,0,0,0,3,21,0
257,2,0,0,0,0,1,10,0
258,3,0,0,0,0,4,23,0
259,4,0,0,0,0,5,23,0
260,1,0,0,0,0,1,8,0
261,1,0,0,0,0,4,20,0
262,1,0,0,0,0,4,20,0
263,2,0,0,0,0,3,21,0
264,2,0,0,0,0,3,18,0
265,3,0,0,0,0,4,23,0
266,1,2,0,0,0,2,18,0
267,1,2,0,0,0,6,36,0
268,2,0,0,0,0,3,21,0
269,1,1,0,0,0,3,20,0
270,3,0,0,0,0,1,11,0
271,4,0,0,0,0,4,19,0
272,1,1,0,0,0,4,24,0
273,2,0,0,0,0,5,32,0
274,3,0,0,0,0,3,19,0
275,4,0,0,0,0,3,15,0
276,1,1,0,0,0,2,16,0
277,2,0,0,0,0,3,21,0
278,3,0,0,0,0,4,23,0
279,4,0,0,0,0,1,7,0
280,4,0,0,0,0,4,19,0
281,4,0,0,0,0,3,15,0
282,2,0,0,0,0,1,10,0
283,4,0,0,0,0,3,15,0
284,4,0,0,0,0,2,11,0
285,2,0,0,0,0,2,14,0
286,3,0,0,0,0,1,11,0
287,2,0,0,0,0,3,21,0
288,1,0,0,0,0,3,16,0
289,3,0,0,0,0,4,23,0
290,2,0,0,0,0,3,21,0
291,4,0,0,0,0,2,11,0
292,2,0,0,0,0,2,17,0
293,1,4,0,0,0,2,26,0
294,3,0,0,0,0,4,23,0
295,2,0,0,0,0,1,10,0
296,1,2,0,0,0,1,16,0
297,2,0,0,0,0,2,17,0
298,4,0,0,0,0,3,15,0
299,1,3,0,0,0,1,20,0
300,1,0,0,0,0,2,12,0
301,3,0,0,0,0,1,11,0
302,2,0,0,0,0,1,16,0
303,1,2,0,0,0,1,16,0
304,3,0,0,0,0,3,19,0
305,3,0,0,0,0,1,11,0
306,1,1,0,0,0,3,18,0
307,4,0,0,0,0,2,11,0
308,3,0,0,0,0,1,11,0
309,1,2,0,0,0,1,16,0
310,1,1,0,0,0,4,24,0
311,2,0,0,0,0,3,18,0
312,4,0,0,0,0,3,15,0
313,2,0,0,0,0,1,13,0
314,2,0,0,0,0,3,24,0
315,1,0,0,0,0,3,16,0
316,1,0,0,0,0,2,12,0
317,4,0,0,0,0,3,15,0
318,2,0,0,0,0,2,20,0
319,1,0,0,0,0,3,16,0
320,2,0,0,0,0,1,13,0
321,2,0,0,0,0,1,10,0
322,2,0,0,0,0,3,18,0
323,2,0,0,0,0,3,24,0
324,1,3,0,0,0,1,20,0
325,4,0,0,0,0,2,11,0
326,2,0,0,0,0,1,16,0
327,1,1,0,0,0,1,12,0
328,3,0,0,0,0,2,15,0
329,3,0,0,0,0,1,11,0
330,2,0,0,0,0,1,10,0
331,2,0,0,0,0,3,18,0
332,3,0,0,0,0,2,15,0
333,1,1,0,0,0,1,12,0
334,4,0,0,0,0,2,11,0
335,2,0,0,0,0,1,13,0
336,3,0,0,0,0,1,11,0
337,2,0,0,0,0,2,20,0
338,4,0,0,0,0,1,7,0
339,3,0,0,0,0,2,15,0
340,2,0,0,0,0,1,13,0
341,2,0,0,0,0,4,22,0
342,3,0,0,0,0,4,23,0
343,1,1,0,0,0,2,16,0
344,3,0,0,0,0,3,19,0
345,3,0,0,0,0,3,19,0
346,4,0,0,0,0,2,11,0
347,1,2,0,0,0,4,28,0
348,4,0,0,0,0,2,11,0
349,4,0,0,0,0,1,7,0
350,1,2,0,0,0,1,16,0
351,2,0,0,0,0,2,17,0
352,1,2,0,0,0,2,20,0
353,4,0,0,0,0,6,27,0
354,2,0,0,0,0,1,28,0
355,1,0,0,0,0,2,12,0
356,1,0,0,0,0,3,16,0
357,3,0,0,0,0,2,15,0
358,1,3,0,0,0,2,22,0
359,1,0,0,0,0,3,16,0
360,1,2,0,0,0,3,24,0
361,1,3,0,0,0,8,46,0
362,1,2,0,0,0,2,20,0
363,4,0,0,0,0,2,11,0
364,4,0,0,0,0,3,15,0
365,2,0,0,0,0,2,17,0
366,3,0,0,0,0,1,11,0
367,4,0,0,0,0,3,15,0
368,4,0,0,0,0,2,11,0
369,1,1,0,0,0,3,20,0
370,1,0,0,0,0,3,16,0
371,1,1,0,0,0,3,20,0
372,4,0,0,0,0,2,11,0
373,2,0,0,0,0,1,16,0
374,4,0,0,0,0,4,19,0
375,1,0,0,0,0,2,12,0
376,3,0,0,0,0,1,11,0
377,3,0,0,0,0,8,39,0
378,4,0,0,0,0,2,11,0
379,4,0,0,0,0,4,19,0
380,1,0,0,0,0,2,12,0
381,3,0,0,0,0,6,31,0
382,1,0,0,0,0,3,16,0
383,3,0,0,0,0,1,11,0
384,4,0,0,0,0,4,19,0
385,1,1,0,0,0,5,28,0
386,2,0,0,0,0,3,18,0
387,4,0,0,0,0,3,15,0
388,4,0,0,0,0,5,23,0
389,2,0,0,0,0,6,36,0
390,1,0,0,0,0,3,16,0
391,4,0,0,0,0,4,19,0
392,3,0,0,0,0,2,15,0
393,2,0,0,0,0,1,10,0
394,3,0,0,0,0,2,15,0
395,2,0,0,0,0,3,21,0
396,2,0,0,0,0,6,33,0
397,1,1,0,0,0,2,14,0
398,2,0,0,0,0,2,14,0
399,1,2,0,0,0,4,28,0
400,1,1,0,0,0,3,20,0
401,3,0,0,0,0,4,23,0
402,2,0,0,0,0,1,19,0
403,2,0,0,0,0,1,13,0
404,4,0,0,0,0,2,11,0
405,4,0,0,0,0,4,19,0
406,2,0,0,0,0,1,13,0
407,4,0,0,0,0,3,15,0
408,2,0,0,0,0,1,10,0
409,4,0,0,0,0,3,15,0
410,1,1,0,0,0,3,18,0
411,2,0,0,0,0,3,27,0
412,4,0,0,0,0,1,7,0
413,1,0,0,0,0,3,16,0
414,4,0,0,0,0,2,11,0
415,1,0,0,0,0,3,16,0
416,4,0,0,0,0,6,27,0
417,1,2,0,0,0,4,26,0
418,2,0,0,0,0,1,13,0
419,1,0,0,0,0,3,16,0
420,3,0,0,0,0,2,15,0
421,1,0,0,0,0,1,8,0
422,2,0,0,0,0,2,20,0
423,3,0,0,0,0,3,19,0
424,4,0,0,0,0,2,11,0
425,1,2,0,0,0,2,20,0
426,2,0,0,0,0,2,14,0
427,1,2,0,0,0,5,30,0
428,2,0,0,0,0,1,13,0
429,1,0,0,0,0,3,16,0
430,4,0,0,0,0,9,39,0
431,1,0,0,0,0,2,12,0
432,1,0,0,0,0,3,16,0
433,2,0,0,0,0,4,28,0
434,1,0,0,0,0,1,8,0
435,4,0,0,0,0,6,27,0
436,1,1,0,0,0,1,12,0
437,4,0,0,0,0,4,19,0
438,4,0,0,0,0,2,11,0
439,1,1,0,0,0,7,36,0
440,1,2,0,0,0,3,22,0
441,2,0,0,0,0,5,32,0
442,2,0,0,0,0,2,17,0
443,4,0,0,0,0,3,15,0
444,3,0,0,0,0,4,23,0
445,1,1,0,0,0,2,16,0
446,1,0,0,0,0,1,8,0
447,4,0,0,0,0,3,15,0
448,1,2,0,0,0,2,18,0
449,3,0,0,0,0,2,15,0
450,4,0,0,0,0,1,7,0
451,1,0,0,0,0,3,16,0
452,1,0,0,0,0,1,8,0
453,4,0,0,0,0,3,15,0
454,1,0,0,0,0,3,16,0
455,4,0,0,0,0,4,19,0
456,2,0,0,0,0,3,18,0
457,1,1,0,0,0,4,24,0
458,4,0,0,0,0,2,11,0
459,3,0,0,0,0,3,19,0
460,2,0,0,0,0,1,10,0
461,3,0,0,0,0,1,11,0
462,1,0,0,0,0,1,8,0
463,1,0,0,0,0,3,16,0
464,4,0,0,0,0,3,15,0
465,2,0,0,0,0,2,23,0
466,2,0,0,0,0,1,16,0
467,2,0,0,0,0,1,13,0
468,3,0,0,0,0,2,15,0
469,3,0,0,0,0,2,15,0
470,2,0,0,0,0,3,24,0
471,1,1,0,0,0,2,16,0
472,1,0,0,0,0,2,12,0
473,1,0,0,0,0,3,16,0
474,2,0,0,0,0,1,16,0
475,2,0,0,0,0,2,17,0
476,1,0,0,0,0,1,8,0
477,1,0,0,0,0,3,16,0
478,3,0,0,0,0,3,19,0
479,4,0,0,0,0,2,11,0
480,2,0,0,0,0,2,14,0
481,4,0,0,0,0,1,7,0
482,1,3,0,0,0,1,20,0
483,2,0,0,0,0,1,22,0
484,2,0,0,0,0,2,17,0
485,2,0,0,0,0,3,21,0
486,1,1,0,0,0,3,20,0
487,1,2,0,0,0,1,16,0
488,2,0,0,0,0,1,13,0
489,4,0,0,0,0,1,7,0
490,2,0,0,0,0,5,29,0
491,1,1,0,0,0,3,18,0
492,4,0,0,0,0,5,23,0
493,2,0,0,0,0,3,18,0
494,4,0,0,0,0,4,19,0
495,2,0,0,0,0,1,16,0
496,4,0,0,0,0,2,11,0
497,3,0,0,0,0,2,15,0
498,1,1,0,0,0,3,20,0
499,2,0,0,0,0,2,14,0
500,1,1,0,0,0,2,16,0
501,2,0,0,0,0,4,25,0
502,1,1,0,0,0,5,28,0
503,1,1,0,0,0,4,24,0
504,3,0,0,0,0,5,27,0
505,1,1,0,0,0,4,24,0
506,4,0,0,0,0,2,11,0
507,2,0,0,0,0,1,10,0
508,4,0,0,0,0,5,23,0
509,3,0,0,0,0,2,15,0
510,1,3,0,0,0,1,20,0
511,1,0,0,0,0,4,20,0
512,1,0,0,0,0,2,12,0
513,2,0,0,0,0,1,16,0
514,2,0,0,0,0,1,16,0
515,2,0,0,0,0,1,10,0
516,2,0,0,0,0,2,17,0
517,1,3,0,0,0,2,22,0
518,4,0,0,0,0,2,11,0
519,1,2,0,0,0,5,32,0
520,4,0,0,0,0,1,7,0
521,1,1,0,0,0,2,16,0
522,2,0,0,0,0,2,17,0
523,1,0,0,0,0,1,8,0
524,2,0,0,0,0,2,14,0
525,4,0,0,0,0,4,19,0
526,4,0,0,0,0,5,23,0
527,4,0,0,0,0,3,15,0
528,4,0,0,0,0,4,19,0
529,4,0,0,0,0,2,11,0
530,1,1,0,0,0,3,18,0
531,2,0,0,0,0,2,14,0
532,1,0,0,0,0,1,8,0
533,4,0,0,0,0,1,7,0
534,3,0,0,0,0,2,15,0
535,2,0,0,0,0,1,19,0
536,1,0,0,0,0,4,20,0
537,3,0,0,0,0,2,15,0
538,2,0,0,0,0,2,17,0
539,1,0,0,0,0,3,16,0
540,3,0,0,0,0,4,23,0
541,1,0,0,0,0,3,16,0
542,4,0,0,0,0,2,11,0
543,4,0,0,0,0,1,7,0
544,2,0,0,0,0,3,21,0
545,2,0,0,0,0,1,13,0
546,3,0,0,0,0,2,15,0
547,1,2,0,0,0,1,16,0
548,4,0,0,0,0,2,11,0
549,2,0,0,0,0,2,14,0
550,1,2,0,0,0,2,20,0
551,4,0,0,0,0,2,11,0
552,1,0,0,0,0,2,12,0
553,4,0,0,0,0,7,31,0
554,1,2,0,0,0,1,16,0
555,2,0,0,0,0,1,13,0
556,1,2,0,0,0,3,22,0
557,1,1,0,0,0,4,24,0
558,3,0,0,0,0,3,19,0
559,1,3,0,0,0,2,22,0
560,2,0,0,0,0,4,25,0
561,4,0,0,0,0,8,35,0
562,1,2,0,0,0,6,36,0
563,3,0,0,0,0,3,19,0
564,1,3,0,0,0,3,26,0
565,1,1,0,0,0,4,24,0
566,1,0,0,0,0,4,20,0
567,1,0,0,0,0,2,12,0
568,2,0,0,0,0,1,16,0
569,4,0,0,0,0,3,15,0
570,2,0,0,0,0,3,18,0
571,1,1,0,0,0,2,16,0
572,1,1,0,0,0,4,24,0
573,2,0,0,0,0,3,18,0
574,2,0,0,0,0,3,18,0
575,2,0,0,0,0,4,25,0
576,2,0,0,0,0,1,16,0
577,3,0,0,0,0,5,27,0
578,1,2,0,0,0,3,24,0
579,3,0,0,0,0,1,11,0
580,1,1,0,0,0,3,20,0
581,2,0,0,0,0,4,28,0
582,2,0,0,0,0,5,29,0
583,4,0,0,0,0,6,27,0
584,1,0,0,0,0,1,8,0
585,3,0,0,0,0,5,27,0
586,2,0,0,0,0,1,10,0
587,4,0,0,0,0,2,11,0
588,1,1,0,0,0,3,20,0
589,1,2,0,0,0,4,26,0
590,4,0,0,0,0,4,19,0
591,2,0,0,0,0,3,18,0
592,2,0,0,0,0,5,26,0
593,1,0,0,0,0,1,8,0
594,1,0,0,0,0,3,16,0
595,2,0,0,0,0,2,14,0
596,2,0,0,0,0,2,14,0
597,2,0,0,0,0,1,13,0
598,4,0,0,0,0,1,7,0
599,2,0,0,0,0,2,17,0
600,2,0,0,0,0,4,28,0
601,2,0,0,0,0,1,13,0
602,2,0,0,0,0,3,18,0
603,1,2,0,0,0,4,28,0
604,3,0,0,0,0,5,27,0
605,2,0,0,0,0,1,16,0
606,3,0,0,0,0,2,15,0
607,1,1,0,0,0,1,12,0
608,1,2,0,0,0,6,36,0
609,2,0,0,0,0,1,10,0
610,1,0,0,0,0,2,12,0
611,4,0,0,0,0,2,11,0
612,3,0,0,0,0,3,19,0
613,4,0,0,0,0,3,15,0
614,4,0,0,0,0,4,19,0
615,4,0,0,0,0,4,19,0
616,4,0,0,0,0,3,15,0
617,2,0,0,0,0,1,16,0
618,1,1,0,0,0,3,20,0
619,2,0,0,0,0,3,18,0
620,1,0,0,0,0,1,8,0
621,3,0,0,0,0,2,15,0
622,2,0,0,0,0,1,19,0
623,4,0,0,0,0,1,7,0
624,3,0,0,0,0,1,11,0
625,2,0,0,0,0,5,26,0
626,2,0,0,0,0,2,20,0
627,3,0,0,0,0,1,11,0
628,1,2,0,0,0,4,28,0
629,1,1,0,0,0,3,18,0
630,1,0,0,0,0,2,12,0
631,1,2,0,0,0,2,20,0
632,2,0,0,0,0,1,13,0
633,1,0,0,0,0,4,20,0
634,1,0,0,0,0,4,20,0
635,2,0,0,0,0,1,13,0
636,1,1,0,0,0,2,16,0
637,2,0,0,0,0,1,13,0
638,2,0,0,0,0,1,19,0
639,2,0,0,0,0,3,24,0
640,2,0,0,0,0,2,14,0
