,q_type,join,aggregate,nest,having,predicate,length,order by
0,1,3,0,0,0,0,25,0
1,1,2,0,1,0,4,44,0
2,1,3,0,0,0,0,25,0
3,1,0,0,1,0,2,17,0
4,1,3,0,0,0,0,25,0
5,1,3,0,0,0,0,25,0
6,1,1,0,1,0,5,39,0
7,1,3,0,1,0,2,38,0
8,1,2,0,1,0,5,49,0
9,1,3,0,0,0,0,25,0
10,1,3,0,1,0,3,43,0
11,1,2,0,0,0,0,18,0
12,2,0,0,0,0,1,17,0
13,1,3,0,0,0,0,25,0
14,1,2,0,0,0,0,18,0
15,1,1,0,1,0,3,29,0
16,1,0,0,1,0,3,22,0
17,1,2,0,0,0,0,18,0
18,1,2,0,0,0,0,18,0
19,1,2,0,0,0,0,18,0
20,1,0,0,1,0,2,17,0
21,1,0,0,1,0,2,17,0
22,1,1,0,0,0,0,11,0
23,1,1,0,1,0,3,29,0
24,1,1,0,0,0,0,11,0
25,1,0,0,1,0,5,32,0
26,1,3,0,1,0,3,43,0
27,1,1,0,0,0,0,11,0
28,1,1,0,1,0,2,24,0
29,1,1,0,0,0,0,11,0
30,1,2,0,0,0,0,18,0
31,1,3,0,0,0,0,25,0
32,2,0,0,0,0,6,45,0
33,1,2,0,0,0,0,18,0
34,1,1,0,0,0,0,11,0
35,1,1,0,1,0,2,24,0
36,1,1,0,0,0,0,11,0
37,1,0,0,1,0,6,40,0
38,1,3,0,1,0,4,51,0
39,1,0,0,1,0,3,22,0
40,1,2,0,0,0,0,18,0
41,1,2,0,0,0,0,18,0
42,1,2,0,0,0,0,18,0
43,1,3,0,0,0,0,25,0
44,1,1,0,0,0,0,11,0
45,1,2,0,0,0,0,18,0
46,1,3,0,1,0,2,38,0
47,2,0,0,0,0,3,21,0
48,1,2,0,0,0,0,18,0
49,1,2,0,0,0,0,18,0
50,1,2,0,0,0,0,18,0
51,2,0,0,0,0,2,19,0
52,1,0,0,1,0,5,35,0
53,1,1,0,0,0,0,11,0
54,1,1,0,1,0,2,24,0
55,1,3,0,0,0,0,25,0
56,1,0,1,1,1,0,25,1
57,1,1,0,1,0,4,37,0
58,1,0,0,1,0,0,13,1
59,3,0,0,0,0,2,17,0
60,1,3,0,1,0,3,43,0
61,1,2,0,0,0,0,18,0
62,1,3,0,0,0,0,25,0
63,1,3,0,1,0,3,43,0
64,1,1,0,1,0,2,24,0
65,1,3,0,1,0,2,38,0
66,1,3,0,1,0,2,38,0
67,1,1,0,1,0,2,24,0
68,1,3,0,0,0,0,25,0
69,1,1,0,0,0,0,11,0
70,1,1,0,1,0,6,47,0
71,1,2,0,0,0,0,18,0
72,1,1,0,1,0,5,39,0
73,1,3,0,0,0,0,25,0
74,1,0,0,0,0,0,8,1
75,1,3,0,0,0,0,25,0
76,1,2,0,0,0,0,18,0
77,1,1,0,1,0,5,42,0
78,1,3,0,1,0,5,53,0
79,1,1,0,1,0,6,44,0
80,1,2,0,0,0,0,18,0
81,1,1,0,1,0,2,24,0
82,1,2,0,0,0,0,18,0
83,3,0,0,0,0,3,22,0
84,1,2,0,0,0,0,18,0
85,1,2,0,1,0,4,41,0
86,1,1,0,1,0,4,34,0
87,1,3,0,1,0,5,53,0
88,1,3,0,1,0,3,43,0
89,1,2,0,0,0,0,18,0
90,1,1,0,1,0,2,24,0
91,1,1,0,1,0,7,49,0
92,1,1,1,1,1,2,33,0
93,1,2,0,1,0,5,49,0
94,1,2,0,1,0,6,57,0
95,1,2,0,0,0,0,18,0
96,1,0,0,1,0,2,17,0
97,1,2,0,0,0,0,18,0
98,1,1,0,1,0,5,42,0
99,1,1,0,1,0,4,34,0
100,1,1,0,1,0,5,39,0
101,1,0,0,1,0,4,27,0
102,1,2,0,0,0,0,18,0
103,1,1,0,0,0,0,11,0
104,1,0,1,1,1,0,21,0
105,1,1,0,1,0,2,24,0
106,1,0,0,1,0,2,17,0
107,1,3,0,0,0,0,25,0
108,1,2,0,1,0,2,31,0
109,1,1,0,0,0,0,11,0
110,1,0,0,1,0,4,27,0
111,1,2,0,0,0,0,18,0
112,1,3,0,0,0,0,25,0
113,1,1,0,0,0,0,11,0
114,1,2,0,1,0,7,59,0
115,1,0,1,1,0,3,30,1
116,1,1,0,1,0,2,24,0
117,1,0,0,1,0,2,17,0
118,1,1,0,0,0,0,11,0
119,1,2,0,0,0,0,18,0
120,2,0,0,0,0,3,21,0
121,1,0,0,1,0,0,13,1
122,1,1,0,1,0,3,29,0
123,3,0,0,0,0,1,12,0
124,1,1,0,1,0,3,29,0
125,1,0,0,1,0,5,39,1
126,1,3,0,0,0,0,25,0
127,1,2,0,1,0,3,36,0
128,1,2,0,1,0,3,36,0
129,1,0,1,1,1,0,21,0
130,2,0,0,0,0,1,17,0
131,4,0,0,0,0,2,13,0
132,1,2,0,0,0,0,18,0
133,1,3,0,0,0,0,25,0
134,1,1,0,1,0,2,24,0
135,1,3,0,0,0,0,25,0
136,1,0,1,1,0,3,26,0
137,1,0,1,1,1,0,20,0
138,1,0,0,1,0,3,26,1
139,1,1,0,0,0,0,11,0
140,1,1,0,1,0,4,34,0
141,1,1,0,0,0,0,11,0
142,1,0,0,1,0,2,21,1
143,1,1,0,1,0,5,39,0
144,1,3,0,0,0,0,25,0
145,1,3,0,0,0,0,25,0
146,1,3,0,0,0,0,25,0
147,1,3,0,0,0,0,25,0
148,1,2,0,0,0,0,18,0
149,1,2,0,0,0,0,18,0
150,4,0,0,0,0,4,23,0
151,1,1,0,0,0,0,11,0
152,1,1,0,1,0,5,39,0
153,1,3,0,1,0,6,61,0
154,1,2,0,1,0,3,36,0
155,1,2,0,1,0,2,31,0
156,1,3,0,1,0,2,38,0
157,1,1,0,1,0,3,29,0
158,1,1,0,0,0,0,11,0
159,1,2,0,0,0,0,18,0
160,1,1,0,0,0,0,11,0
161,1,3,0,0,0,0,25,0
162,1,1,0,1,0,7,52,0
163,1,0,0,1,0,4,27,0
164,1,2,0,0,0,0,18,0
165,1,2,0,1,0,5,49,0
166,1,1,0,1,0,2,24,0
167,1,1,0,1,0,2,24,0
168,1,0,0,1,0,7,45,0
169,1,2,0,0,0,0,18,0
170,1,2,0,0,0,0,18,0
171,1,0,0,1,0,2,17,0
172,1,2,0,1,0,2,31,0
173,1,3,0,0,0,0,25,0
174,1,1,1,1,1,2,38,1
175,1,1,0,0,0,0,11,0
176,1,1,0,1,0,3,29,0
177,1,1,0,1,0,4,34,0
178,1,3,0,0,0,0,25,0
179,1,2,0,0,0,0,18,0
180,1,2,1,1,0,3,48,1
181,1,3,0,0,0,0,25,0
182,1,2,0,1,0,4,44,0
183,1,2,0,0,0,0,18,0
184,1,3,0,0,0,0,25,0
185,1,0,0,1,0,3,22,0
186,1,3,0,0,0,0,25,0
187,1,2,0,1,0,3,36,0
188,1,2,0,1,0,2,31,0
189,1,1,1,1,0,5,48,1
190,1,3,0,1,0,2,38,0
191,1,2,0,0,0,0,18,0
192,1,2,0,0,0,0,18,0
193,1,1,0,0,0,0,11,0
194,1,2,0,0,0,0,18,0
195,1,1,0,1,0,3,29,0
196,1,1,0,0,0,0,11,0
197,1,1,0,1,0,8,60,0
198,1,2,0,0,0,0,18,0
199,1,2,0,0,0,0,18,0
200,1,2,0,0,0,0,18,0
201,1,1,0,0,0,0,11,0
202,1,2,0,1,0,2,31,0
203,1,3,0,0,0,0,25,0
204,4,0,0,0,0,3,18,0
205,1,0,1,1,1,2,26,0
206,1,1,0,1,0,5,42,0
207,1,2,0,0,0,0,18,0
208,1,1,0,0,0,0,11,0
209,1,0,0,1,0,4,27,0
210,1,2,0,0,0,0,18,0
211,1,2,0,1,0,5,49,0
212,1,3,0,0,0,0,25,0
213,1,2,0,0,0,0,18,0
214,1,3,0,0,0,0,25,0
215,1,0,0,1,0,2,17,0
216,1,1,0,1,0,2,24,0
217,3,0,0,0,0,6,37,0
218,1,2,0,0,0,0,18,0
219,1,1,0,1,0,2,24,0
220,1,3,0,1,0,4,48,0
221,1,1,0,1,0,5,39,0
222,1,2,0,1,0,3,36,0
223,1,2,0,1,0,2,31,0
224,1,0,0,1,0,3,22,0
225,1,0,0,1,0,4,27,0
226,1,2,0,1,0,5,46,0
227,1,3,0,0,0,0,25,0
228,1,1,0,0,0,0,11,0
229,4,0,0,0,0,5,28,0
230,1,3,0,0,0,0,25,0
231,1,1,0,0,0,0,11,0
232,1,1,0,1,0,2,24,0
233,2,0,0,0,0,1,20,0
234,1,3,0,0,0,0,25,0
235,1,0,0,1,0,4,31,1
236,1,2,0,0,0,0,18,0
237,1,2,0,1,0,2,31,0
238,1,2,0,0,0,0,18,0
239,1,2,0,0,0,0,18,0
240,1,1,0,0,0,0,11,0
241,3,0,0,0,0,3,22,0
242,1,3,0,0,0,0,25,0
243,4,0,0,0,0,4,23,0
244,1,3,0,0,0,0,25,0
245,1,3,0,1,0,6,61,0
246,1,3,0,1,0,2,38,0
247,1,2,0,0,0,0,18,0
248,1,1,0,0,0,0,11,0
249,1,3,0,1,0,2,38,0
250,1,3,0,1,0,6,58,0
251,1,3,0,0,0,0,25,0
252,1,3,0,0,0,0,25,0
253,1,2,0,0,0,0,18,0
254,1,3,0,0,0,0,25,0
255,1,1,0,1,0,2,24,0
256,1,1,0,0,0,0,11,0
257,1,2,0,0,0,0,18,0
258,1,2,0,1,0,2,31,0
259,2,0,0,0,0,6,45,0
260,4,0,0,0,0,6,33,0
261,1,3,0,0,0,0,25,0
262,1,3,0,1,0,2,38,0
263,1,3,0,1,0,2,38,0
264,1,1,0,1,0,7,52,0
265,4,0,0,0,0,2,13,0
266,1,3,0,0,0,0,25,0
267,1,3,0,0,0,0,25,0
268,1,2,0,0,0,0,18,0
269,1,3,0,0,0,0,25,0
270,1,2,0,0,0,0,18,0
271,1,2,0,1,0,5,49,0
272,1,1,0,1,0,2,24,0
273,1,2,1,1,1,5,57,0
274,1,2,0,1,0,4,41,0
275,1,3,0,1,0,3,43,0
276,1,1,0,1,0,3,29,0
277,1,3,0,0,0,0,25,0
278,1,2,0,0,0,0,18,0
279,1,1,0,1,0,7,49,0
280,1,1,0,1,0,2,24,0
281,4,0,0,0,0,6,33,0
282,1,3,0,0,0,0,25,0
283,1,1,0,1,0,2,24,0
284,1,3,0,1,0,5,53,0
285,1,0,0,1,0,5,39,1
286,1,0,0,1,0,2,17,0
287,1,1,0,1,0,2,24,0
288,1,3,0,0,0,0,25,0
289,1,1,0,1,0,2,24,0
290,1,2,0,1,0,2,31,0
291,1,1,0,1,0,2,24,0
292,1,1,0,1,0,5,39,0
293,1,2,0,0,0,0,18,0
294,1,2,0,0,0,0,18,0
295,1,3,0,0,0,0,25,0
296,1,2,0,0,0,0,18,0
297,1,3,0,0,0,0,25,0
298,1,0,0,1,0,2,17,0
299,1,0,0,1,0,3,22,0
300,1,1,0,1,0,2,24,0
301,4,0,0,0,0,5,28,0
302,1,3,0,0,0,0,25,0
303,1,3,0,1,0,3,43,0
304,1,2,0,0,0,0,18,0
305,1,1,0,1,0,2,24,0
306,1,2,0,0,0,0,18,0
307,1,1,0,1,0,3,29,0
308,2,0,0,0,0,3,27,0
309,1,3,0,0,0,0,25,0
310,1,2,0,1,0,2,31,0
311,1,2,0,0,0,0,18,0
312,1,3,0,0,0,0,25,0
313,1,2,0,1,0,2,31,0
314,1,1,0,0,0,0,11,0
315,1,3,0,0,0,0,25,0
316,1,3,0,0,0,0,25,0
317,1,3,0,0,0,0,25,0
318,1,1,0,1,0,4,34,0
319,1,3,0,0,0,0,25,0
320,1,3,0,0,0,0,25,0
321,1,3,0,1,0,4,51,0
322,1,2,0,1,0,2,31,0
323,1,3,0,0,0,0,25,0
324,1,3,0,0,0,0,25,0
325,1,3,0,0,0,0,25,0
326,1,3,0,0,0,0,25,0
327,2,0,0,0,0,2,22,0
328,1,1,0,1,0,6,47,0
329,1,2,0,0,0,0,18,0
330,4,0,0,0,0,1,8,0
331,1,2,0,1,0,4,41,0
332,1,2,0,0,0,0,18,0
333,1,1,0,0,0,0,11,0
334,1,1,0,0,0,0,11,0
335,1,1,0,0,0,0,11,0
336,1,3,0,0,0,0,25,0
337,1,0,0,1,0,2,17,0
338,1,3,0,1,0,2,38,0
339,1,2,0,0,0,0,18,0
340,4,0,0,0,0,7,38,0
341,1,2,0,0,0,0,18,0
342,1,2,0,1,0,7,59,0
343,1,3,0,1,0,6,58,0
344,1,3,0,0,0,0,25,0
345,1,1,0,1,0,3,29,0
346,1,2,0,0,0,0,18,0
347,4,0,0,0,0,6,33,0
348,1,3,0,0,0,0,25,0
349,1,1,0,1,0,3,29,0
350,1,2,0,0,0,0,18,0
351,1,3,0,0,0,0,25,0
352,1,2,0,1,0,2,31,0
353,1,2,0,0,0,0,18,0
354,3,0,0,0,0,6,37,0
355,1,2,0,0,0,0,18,0
356,1,1,0,0,0,0,11,0
357,1,0,0,1,0,6,40,0
358,1,3,0,0,0,0,25,0
359,1,2,0,0,0,0,18,0
360,1,3,0,1,0,3,43,0
361,1,0,0,1,0,2,17,0
362,1,1,0,0,0,0,11,0
363,1,1,0,1,0,3,29,0
364,1,2,0,0,0,0,18,0
365,1,2,0,0,0,0,18,0
366,1,2,0,1,0,3,36,0
367,1,2,0,0,0,0,18,0
368,1,1,0,0,0,0,11,0
369,1,2,0,0,0,0,18,0
370,1,1,0,1,0,3,29,0
371,1,3,0,0,0,0,25,0
372,1,2,0,0,0,0,18,0
373,1,3,0,0,0,0,25,0
374,1,2,0,0,0,0,18,0
375,1,3,0,1,0,4,51,0
376,1,3,0,1,0,3,43,0
377,1,1,0,1,0,2,24,0
378,2,0,0,0,0,6,39,0
379,1,2,0,0,0,0,18,0
380,1,3,0,0,0,0,25,0
381,1,1,0,1,0,6,44,0
382,2,0,0,0,0,2,22,0
383,1,3,0,0,0,0,25,0
384,1,0,0,1,0,2,21,1
385,1,1,0,1,0,3,29,0
386,1,2,0,0,0,0,18,0
387,1,0,0,1,0,2,17,0
388,1,2,0,1,0,4,44,0
389,1,2,0,0,0,0,18,0
390,1,0,0,1,0,5,35,0
391,1,0,0,1,0,4,27,0
392,1,2,0,0,0,0,18,0
393,1,2,0,0,0,0,18,0
394,1,1,0,0,0,0,11,0
395,1,1,0,0,0,0,11,0
396,1,1,1,1,0,2,35,1
397,1,2,0,0,0,0,18,0
398,1,3,0,0,0,0,25,0
399,1,3,0,1,0,2,38,0
400,4,0,0,0,0,3,18,0
401,2,0,0,0,0,7,44,0
402,2,0,0,0,0,5,34,0
403,1,0,0,1,0,3,22,0
404,1,3,0,0,0,0,25,0
405,1,1,0,0,0,0,11,0
406,1,1,0,0,0,0,11,0
407,1,3,0,0,0,0,25,0
408,1,3,0,0,0,0,25,0
409,2,0,0,0,0,6,36,0
410,1,3,0,0,0,0,25,0
411,1,3,0,0,0,0,25,0
412,1,3,0,0,0,0,25,0
413,1,0,0,1,0,3,22,0
414,3,0,0,0,0,4,27,0
415,1,3,0,0,0,0,25,0
416,1,1,0,0,0,0,11,0
417,1,1,0,0,0,0,11,0
418,1,1,0,1,0,4,37,0
419,1,1,0,0,0,0,11,0
420,1,1,0,1,0,3,29,0
421,1,2,0,0,0,0,18,0
422,1,3,0,0,0,0,25,0
423,1,2,1,1,0,2,43,1
424,1,3,0,0,0,0,25,0
425,1,2,0,0,0,0,18,0
426,1,1,0,0,0,0,11,0
427,1,2,0,0,0,0,18,0
428,1,3,0,1,0,2,38,0
429,1,2,0,0,0,0,18,0
430,1,1,0,1,0,2,24,0
431,1,1,0,1,0,2,24,0
432,2,0,0,0,0,1,20,0
433,1,2,0,0,0,0,18,0
434,1,2,0,0,0,0,18,0
435,1,2,0,0,0,0,18,0
436,1,2,0,1,0,2,31,0
437,1,3,0,0,0,0,25,0
438,1,3,0,1,0,3,43,0
439,1,3,0,1,0,4,51,0
440,1,1,0,1,0,4,34,0
441,1,1,0,1,0,3,29,0
442,1,3,0,0,0,0,25,0
443,1,3,0,0,0,0,25,0
444,1,0,0,1,0,3,22,0
445,1,3,0,0,0,0,25,0
446,1,2,0,1,0,3,36,0
447,1,1,0,0,0,0,11,0
448,1,3,0,1,0,3,43,0
449,1,0,0,1,0,4,27,0
450,1,0,1,1,1,0,24,1
451,1,2,0,1,0,2,31,0
452,1,1,0,0,0,0,11,0
453,1,2,0,1,0,5,49,0
454,1,3,0,0,0,0,25,0
455,1,2,0,0,0,0,18,0
456,1,1,0,1,0,5,42,0
457,1,2,0,0,0,0,18,0
458,1,1,0,1,0,6,47,0
459,1,1,0,1,0,2,24,0
460,1,0,0,0,0,0,8,1
461,1,0,0,1,0,4,30,0
462,1,2,0,0,0,0,18,0
463,1,3,0,1,0,3,43,0
464,1,1,0,1,0,2,24,0
465,1,0,1,1,1,0,21,0
466,1,1,0,1,0,5,42,0
467,1,1,0,1,0,2,24,0
468,1,2,0,0,0,0,18,0
469,1,2,0,0,0,0,18,0
470,1,3,0,0,0,0,25,0
471,1,3,0,0,0,0,25,0
472,3,0,0,0,0,6,37,0
473,1,2,0,0,0,0,18,0
474,1,1,0,1,0,2,24,0
475,1,1,0,1,0,2,24,0
476,1,2,0,0,0,0,18,0
477,1,2,0,0,0,0,18,0
478,1,2,0,0,0,0,18,0
479,1,3,0,1,0,6,61,0
480,1,2,0,0,0,0,18,0
481,1,2,0,0,0,0,18,0
482,1,1,0,1,0,6,47,0
483,1,1,0,1,0,5,39,0
484,1,2,0,0,0,0,18,0
485,1,1,0,0,0,0,11,0
486,1,3,0,1,0,2,38,0
487,1,2,0,0,0,0,18,0
488,1,3,0,0,0,0,25,0
489,1,3,0,1,0,4,48,0
490,1,3,0,0,0,0,25,0
491,1,0,0,1,0,3,22,0
492,4,0,0,0,0,7,38,0
493,1,3,0,0,0,0,25,0
494,4,0,0,0,0,8,43,0
495,1,3,0,0,0,0,25,0
496,1,3,0,0,0,0,25,0
497,1,3,0,1,0,7,66,0
498,1,3,0,0,0,0,25,0
499,1,3,0,0,0,0,25,0
500,1,1,0,1,0,5,42,0
501,1,3,0,0,0,0,25,0
502,1,0,0,1,0,2,17,0
503,1,3,0,0,0,0,25,0
504,1,3,0,0,0,0,25,0
505,1,2,0,0,0,0,18,0
506,1,2,0,0,0,0,18,0
507,1,2,0,0,0,0,18,0
508,1,2,0,0,0,0,18,0
509,1,3,0,0,0,0,25,0
510,1,2,0,1,0,2,31,0
511,1,0,0,1,0,4,27,0
512,1,2,0,0,0,0,18,0
513,1,2,0,0,0,0,18,0
514,1,2,0,1,0,2,31,0
515,1,3,0,1,0,7,69,0
516,1,2,0,0,0,0,18,0
517,1,0,1,1,0,7,46,0
518,1,0,0,1,0,2,17,0
519,1,1,0,0,0,0,11,0
520,1,3,0,0,0,0,25,0
521,1,2,0,0,0,0,18,0
522,2,0,0,0,0,2,25,0
523,1,3,0,1,0,2,38,0
524,1,1,0,0,0,0,11,0
525,4,0,0,0,0,4,23,0
